185996
185996
185996
185997
185997
185998
185998
185998
186111
186111
186111
186120
186120
186120
185999
185999
186112
186112
186051
186051
186000
186000
186000
186001
186001
186001
186004
186004
186004
186139
186139
186139
186002
186002
186003
186003
186048
186048
186010
186010
186010
186140
186140
186140
186005
186005
186006
186006
186006
186007
186007
186007
186011
186011
186011
186164
186164
186164
186039
186039
186039
186153
186153
186153
186153
186008
186008
186008
186009
186009
186009
186154
186154
186154
186154
186155
186155
186155
188434
188434
188434
186159
186159
186159
186012
186012
186013
186013
186013
186024
186024
186014
186014
186014
651311
651311
651311
186015
186015
186201
186201
186201
186016
186016
186017
186017
186017
186247
186247
186247
186018
186018
186019
186019
186021
186021
186020
186020
186023
186023
186023
186022
186022
186027
186027
186205
186205
186205
186025
186025
186026
186026
186030
186030
186028
186028
186029
186029
186031
186031
186033
186033
186032
186032
186101
186101
186034
186034
186034
186035
186035
186040
186040
186040
186233
186233
186233
186036
186036
186036
186037
186037
186037
186232
186232
186232
186038
186038
186230
186230
186230
186249
186249
186249
650230
650230
186043
186043
186044
186044
186096
186096
186045
186045
186050
186050
186046
186046
186047
186047
186049
186049
186052
186052
186053
186053
186106
186106
186056
186056
186054
186054
186055
186055
186057
186057
186058
186058
186059
186059
186060
186060
186063
186063
186061
186061
186062
186062
186065
186065
186066
186066
186066
186064
186064
186067
186067
186972
186972
186972
186068
186068
186068
186077
186077
186981
186981
186981
186074
186074
186074
186075
186075
186076
186076
186977
186977
186977
217199
217199
186094
186094
186094
186095
186095
186099
186099
186099
187502
187502
211740
211740
186097
186097
186098
186098
186098
186104
186104
186104
650742
650742
650742
650626
650626
650626
186100
186100
186100
186102
186102
186102
650631
650631
186103
186103
186103
650628
650628
650628
650616
650616
650616
186105
186105
186105
650748
650748
187547
187547
186122
186122
186121
186121
186548
186548
186548
186137
186138
186138
192120
192120
186167
186167
186147
186147
186151
186151
186152
186239
186239
186239
186158
186158
186157
186170
186178
186178
186178
186177
186177
186177
186177
186169
186179
186179
186180
186180
186180
186181
186181
186181
186184
186184
186184
186182
186182
186182
186278
186278
186278
186279
186279
186279
186288
186288
186288
186197
186197
186491
186491
186200
186200
186198
186198
186199
186199
186290
186290
186494
186494
186295
186295
186295
186295
186250
186250
186207
186207
186330
186330
186246
186246
186246
186246
186234
186234
186234
186235
186235
186235
186235
186261
186261
186261
186265
186265
186265
186240
186240
186241
186241
186243
186243
186248
186248
186276
186276
186263
186263
186273
186273
186273
186300
186300
186300
186300
186254
186254
186254
215894
186251
186252
186252
186253
186253
186594
186594
186594
186266
186266
215891
215891
215891
186262
186262
186262
186267
186267
186267
186270
186270
186270
215889
215889
215889
215890
186268
186268
186269
186269
186342
186342
186274
186274
186274
186345
186345
186345
186346
186346
186346
186277
186277
186277
186283
186283
186283
186285
186285
186285
186282
186282
186299
186299
186299
186284
186284
186286
186286
186286
186296
186296
186296
186311
186311
186292
186292
186292
186402
186402
186293
186293
186293
186294
186294
186294
186297
186297
186323
186323
186301
186301
186301
186302
186302
186302
186302
186303
186303
186303
186309
186309
186307
186307
186307
186305
186305
186376
186376
186376
186376
186304
186304
186304
186370
186370
186370
186310
186310
186310
186310
186321
186321
186382
186382
186382
186312
186326
186326
186397
186397
186331
186343
186343
186344
186344
186353
186353
186354
186354
186355
186355
186380
186380
186371
186371
186373
186373
186374
186374
186375
186375
186375
188373
188373
186393
186393
186394
186394
186394
186527
186527
186527
186535
186535
186398
186398
186399
186399
186711
186403
186403
186403
186499
186499
186508
186508
186508
186430
186430
186431
186431
186753
186753
186707
186707
186492
186492
186492
186511
186511
186512
186512
186512
186504
186504
186526
186526
186526
186509
186509
186509
186528
186528
186528
186528
186514
186514
186515
186515
186515
186516
186516
186516
186517
186517
186519
186519
186519
186518
186518
186518
186521
186521
186521
186521
186520
186520
186520
186525
186525
186529
186529
186529
186522
186522
186523
186712
186524
186532
186532
186676
186676
186540
186540
188057
191389
191389
186673
186673
186677
186677
186699
186699
186700
186700
186741
186741
186710
186710
186758
186758
186744
186744
186816
186816
186827
186827
186828
186828
186833
186833
186836
186836
211957
211957
186837
186837
186838
186838
186863
186863
186854
186854
186855
186855
189349
189349
189623
189623
186860
186860
186866
186866
188474
188474
186873
186873
186874
186874
191197
191197
191120
191120
215057
186976
186976
187004
187004
214328
214328
186983
186983
186990
186990
187500
187500
187501
187501
214974
214974
187523
187523
215056
187542
187542
187543
187543
187562
187562
210701
210701
187546
187546
187561
187561
187565
187565
214927
214927
187567
187567
187568
187568
187593
214934
214934
187590
187590
187591
187594
187594
190986
187873
187873
187874
187874
187876
187876
189630
189630
189633
189633
188379
188379
188675
188675
189687
189687
188594
188594
188595
188595
189480
189480
189495
189495
189495
188684
188684
188689
188689
188690
188690
188691
188691
188692
188692
189579
189579
188703
188703
188704
188704
188726
188726
188724
188724
188725
188725
189222
189222
189172
189172
189185
189185
189226
189226
189425
189425
189228
189228
189230
189230
189233
189233
189275
189275
189438
189348
189348
189346
189346
189347
189347
189543
189543
189429
189429
189429
189408
189408
189409
189409
189436
189436
189436
189433
189433
189434
189434
189434
189435
189435
189435
189437
189437
189437
189499
189499
189496
189496
189496
189547
189547
189613
189613
189617
189617
189620
189624
189635
189707
189707
189707
189693
189693
189694
189694
196083
196083
191559
191559
189710
189710
189708
189708
189708
189709
189735
189735
189756
189756
189799
189799
189748
189748
189758
189758
189767
189767
189766
189766
189776
189776
189794
189794
189800
189800
189811
189811
210756
210756
189807
189807
189808
189808
189853
189853
189819
189819
190199
190199
189859
189859
189860
189860
189861
189861
189862
189862
191711
191711
189988
189988
189989
189989
189992
189992
190216
190216
190252
190252
190212
190212
190214
190214
190254
190254
190259
190297
190297
190298
190586
190586
191794
191794
191092
191092
190660
190660
190661
190661
193762
193762
193675
193675
193675
190662
190662
190662
190663
190663
192310
192310
192310
192310
192340
192340
192340
192340
192311
192311
192311
190704
190704
190705
190705
193246
193246
190706
190706
190755
190755
190755
190755
190754
190754
190754
190777
190777
190756
190756
190756
190756
190757
190757
190761
190761
190761
190778
190778
190778
190778
190759
190759
190759
190772
190772
190772
190758
190758
190758
190760
190760
190760
190779
190779
215046
215046
215046
215047
215047
215047
190773
190773
215049
215049
214359
214359
190793
190793
190793
190794
190794
190795
190795
190795
190799
190799
190799
190864
190864
190864
190861
190861
190861
215034
215034
190805
190805
190806
190806
190806
190843
190843
190843
190843
190844
190844
193788
193788
191003
190857
190857
190858
190858
190859
190859
190859
197034
197034
190860
190887
190887
190891
190891
191340
191340
191093
191093
191111
191111
191112
191112
191118
191118
191196
191196
191206
191206
192084
192084
191304
191304
191305
191305
196100
196100
196100
192101
192101
192101
191343
191343
193518
193518
191388
191388
192410
192410
191555
191555
196094
196094
191715
191715
191795
191795
191804
191804
191823
191823
191840
191840
191839
191839
191841
191841
191842
191842
191845
191845
191866
191866
191869
191869
191870
191870
191900
191900
191895
191895
191899
191899
191907
191907
191911
191911
191913
191913
191915
191915
191916
191916
191973
191973
191976
191976
191977
191977
191978
191978
191993
191993
191994
191994
192042
192042
192044
192044
192047
192047
192222
192222
192104
192104
192100
192100
192100
196082
196082
211030
192113
192113
192116
192116
192117
192117
192118
192118
192223
192223
192225
192225
192224
192224
192239
192239
192240
192240
192247
192247
192249
192249
192248
192248
192252
192252
192253
192253
192254
192254
192255
192255
192258
192258
192259
192259
192272
192272
192275
192275
192274
192274
192406
192406
192344
192308
192308
192308
192308
192309
192309
192312
192312
192312
192313
192313
192313
192359
192359
192359
192342
192342
192342
192343
192343
192343
192334
192334
192360
192360
192360
192339
192339
192358
192358
192358
192361
192361
192363
192363
192403
192403
192402
192402
192405
192405
210773
210773
192409
192409
193519
193519
199029
199029
193695
193695
193696
193696
210973
210974
210974
193729
193729
193801
193801
196095
196095
196097
196097
196101
196101
215908
215908
215892
215893
215909
259605
259605
259605
259606
259606
259606
259607
259607
259861
259861
259861
259861
265689
265689
265689
259895
259895
259895
259819
259819
259819
259614
259614
259704
259704
259705
259705
259740
259740
259741
259741
265686
265686
259779
259779
259779
259780
259780
259807
259807
259808
259808
260353
260353
260351
260351
260343
260343
260352
260352
265693
265693
260505
260505
260506
260506
260519
260519
260519
260520
260520
260520
260563
260563
260563
260564
260564
260564
260579
260579
260579
260580
260580
260580
260616
260616
260611
260611
260615
260704
260704
260704
260705
260705
260705
260705
260706
260706
260707
260707
260707
260989
260989
261432
261432
261432
261353
261353
261353
260708
260708
260708
260712
260712
261336
261336
260948
260948
260948
260714
260714
260715
260715
261317
261317
265818
265818
260723
260723
260724
260724
260724
260809
260809
260809
260981
260981
260725
260725
260805
260753
260753
260753
260754
260754
260754
260758
260758
260758
260758
260798
260798
260798
260756
260756
260756
260756
261058
261058
261058
261058
260755
260755
260755
260755
260757
260757
260799
260799
260799
260799
260800
260800
260797
260797
260797
260797
260763
260763
260760
260760
260760
260759
260759
260761
260761
260761
260766
260766
260766
260767
260767
260767
260994
260994
260771
260771
260771
260768
260768
260768
260776
260776
260776
260770
260770
260769
260769
260775
260775
260773
260773
260772
260772
260774
260791
260791
260792
260792
260796
260796
260796
260993
260993
260993
260993
260793
260793
260793
260794
260794
260794
260961
260961
260795
260795
261033
261033
261033
260806
260806
260807
261263
261263
260996
260996
261316
261316
261316
261423
260951
260951
260952
260952
260956
260956
260995
260995
260970
260970
260971
260971
260971
260972
260972
260972
260972
261478
261478
261478
261684
261684
261684
260973
260973
260973
261057
261057
261057
261471
261471
261865
261288
261288
261288
261039
261039
261039
261040
261040
261040
261041
261041
261041
261044
261044
261044
261634
261634
261634
261042
261042
261042
261043
261043
261043
261746
261746
261269
261269
261476
261476
261476
261083
261083
261082
261082
261087
261087
261323
261323
261088
261088
261090
261090
261092
261092
261091
261091
261093
261093
261094
261094
261095
261095
261096
261096
261097
261097
261097
261098
261098
261098
261098
261354
261354
261354
261099
261099
261099
261099
261356
261356
261356
261100
261100
261100
261357
261357
261357
261113
261113
261102
261102
266139
266139
261133
261133
261134
261134
261135
261135
261137
261137
261136
261136
261860
261860
261138
261138
261139
261139
261140
261140
261142
261142
261141
261141
261144
261144
261143
261143
261146
261146
261145
261145
261419
261419
261147
261147
261148
261148
261157
261157
261545
261545
261158
261158
261159
261159
261160
261160
261161
261161
261162
261162
261163
261163
261164
261164
261165
261165
261396
261396
261504
261504
261358
261373
261373
261374
261374
261685
261685
266444
266444
261525
261525
261429
261429
261430
261477
261477
261477
261862
261862
261809
261809
261518
261518
261518
261519
261519
261520
261520
261520
261521
261521
266162
266162
261815
261815
261536
261536
261524
261524
261527
261527
261534
261534
261552
261552
261551
261551
261581
261581
261571
261571
261572
261572
261651
261651
261573
261579
261579
261589
261589
261606
261606
261759
261759
261611
261611
261612
261613
261613
261629
261629
261630
261630
261631
261631
264428
264428
261648
261648
261648
261649
261649
264430
264430
264433
264433
264433
261652
261652
261969
261969
261658
261658
261659
261659
261660
261660
262454
262454
263258
263258
261810
261810
261811
261811
261812
261812
261814
261814
261970
261970
263177
263177
261972
263179
263179
263257
263257
264429
264429
631815
631815
264434
264434
264435
264435
265484
265484
264436
264436
264440
264440
264441
264441
264462
264462
264463
264463
264468
264468
264470
264470
264474
264474
264476
264476
264477
264477
264479
264479
264491
264491
264488
264488
264489
264489
264512
264512
264516
264516
264523
264523
264540
264540
264541
264541
265555
265555
264870
264870
264871
264871
265150
265150
265170
265170
265098
265098
265098
265099
265099
265099
265099
265108
265108
675727
675727
675727
265100
265100
265100
265100
265101
265101
265101
895606
895606
895606
265104
265104
265104
265114
265114
265102
265102
265103
265103
265105
265105
265116
265116
895607
895607
265106
265106
265107
265107
265117
265117
265110
265110
265113
265113
265119
265119
265123
265123
265146
265146
265148
265148
265171
265171
265236
265236
265235
265235
265237
265237
265238
265238
265407
265407
265578
265578
265679
265679
271425
271425
271426
271426
346346
346346
275161
275161
273259
273259
273259
273260
273260
273260
273260
276889
276889
276908
276908
276908
273322
273322
273322
273563
273563
273563
273563
276909
276909
276909
273261
273261
273261
273262
273262
273472
273472
273356
273356
273357
275162
275162
276747
276747
275160
275160
276835
276835
276836
276836
276836
276854
276854
276855
276855
276855
276849
276849
276850
276850
276892
276892
276859
276896
276896
345127
345127
345127
345128
345128
345129
345129
345130
345130
345130
354866
345131
345131
345325
345325
345326
345326
354626
354626
345464
345464
345465
345465
345467
345467
345759
345759
345759
345466
345466
345468
345468
345469
345469
345469
354583
354583
345475
345475
345476
345476
345481
345717
345717
345482
345483
345483
345500
345500
345486
345486
345487
345487
345509
345509
345510
345510
345501
345501
345502
345502
354620
354620
345570
345570
345532
345532
345533
345533
345543
345543
354622
354622
345541
345541
345556
345556
345683
345683
345688
345760
345760
354586
345782
345782
345783
345783
345783
345784
345784
345880
345880
345880
345880
345881
345881
345881
345939
345939
345785
345785
345786
345790
345790
345787
345787
345788
345789
345799
345799
345802
345802
345804
345804
345814
345814
345813
345813
354085
354085
345816
345816
345817
345817
345822
345822
345821
345827
345827
345828
345835
345835
345841
345869
345869
345870
345882
345882
345882
345871
345871
345872
345872
345874
345874
345942
345942
345968
345968
345968
345966
345966
345940
345940
345941
345941
345963
345963
345965
345965
354574
345967
345967
350872
350872
347345
347345
347346
347346
347350
347350
347714
347714
347718
347718
347699
347699
347700
347700
347701
347701
353959
353959
349422
349422
347702
347702
347703
347703
347706
347706
347821
347821
347705
347705
350092
350092
347707
347707
347708
347708
347865
347865
347864
347864
347720
347720
347721
347721
352403
352403
347722
347722
347723
347723
347756
347756
347756
347756
347744
347744
347724
347724
347725
347725
347861
347861
352576
352576
347726
347726
347727
347727
347732
347732
347860
347860
347730
347730
347731
347731
347740
347740
347814
347814
347741
347741
347742
347742
347757
347757
347746
347746
347747
347747
347750
347750
347752
347752
347751
347751
347755
347755
347760
347760
347779
347832
347834
347834
347834
347766
347766
347761
347761
347763
347763
347773
347773
347765
347765
347785
347785
347772
347772
347772
347778
347843
347843
347843
347774
347774
347775
347775
347790
347790
347784
347784
349012
349012
349010
349010
349016
349016
347817
347817
347818
347818
347866
347866
349991
349991
347833
354898
347844
349018
349018
349026
349026
349024
349024
349021
349021
349022
349022
349041
349041
349031
349031
349027
349027
349034
349034
349788
349788
350012
350012
349046
349046
349046
349047
349047
349052
349052
349052
349049
349049
349048
349048
349055
349050
349050
349050
349053
349053
349053
349950
349950
349796
349796
353916
353916
349791
349791
349078
349078
349079
349083
349083
349080
349081
349081
349952
349952
349817
349817
349817
349091
349091
349093
349093
349104
349104
349826
349826
349131
349131
349132
349132
349134
349134
353813
349992
349992
349787
349790
349790
353920
353920
354302
354302
351083
351083
351084
351084
351084
351085
351085
354363
354364
354365
352421
352421
352429
352429
352575
352575
353919
353919
353962
353962
353961
354303
354584
354624
354624
355372
355372
355373
355373
355375
355375
355383
355383
355383
355376
355376
355376
355377
355377
355378
355378
355378
355498
355498
355498
355379
355379
355380
355380
355624
355381
355381
355516
355516
355653
355653
365473
365473
365473
355389
355389
355389
355390
355390
355390
355391
355391
355391
355589
355589
355589
355591
355591
355741
355741
355392
355392
355392
355393
355393
355393
355742
355742
355673
355673
355673
355613
355613
355613
355394
355394
355394
355395
355395
355396
355396
355396
355401
355401
355401
355675
355675
355675
355612
355612
355612
355612
355397
355397
355397
355398
355398
355399
355399
355399
355402
355402
355402
355402
355400
355400
355400
355410
355410
355593
355593
355411
355411
355411
355475
355475
355475
355403
355403
355404
355404
355408
355408
355408
355409
355409
355409
355406
355406
355416
355416
355417
355417
355417
355421
355421
355421
355421
355414
355414
355414
355418
355418
355418
355592
355415
355415
355415
355415
355436
355436
355436
355420
355420
355681
355681
355456
355456
355456
355419
355419
355419
355603
355603
355603
355594
355594
355422
355422
355423
355423
364758
364758
359126
359126
355426
355426
355426
355427
355427
355428
355428
355428
355429
355429
355691
355691
355692
355431
355431
355431
355437
355437
355437
355442
355442
355442
355435
355435
355687
355687
355686
355438
355438
355438
355439
355439
355443
355443
355695
355695
355695
355445
355445
355444
355444
355446
355446
355464
355464
355447
355447
355448
355448
355453
355453
355452
355452
355460
355460
355457
355457
365814
365814
355459
355459
355469
355469
355481
355483
355483
355611
355611
355474
355474
355501
355501
355478
355478
355479
355617
355482
355482
355488
355488
355496
355496
355489
355489
355490
355490
355497
355497
365468
365468
355503
355503
355509
355509
355499
355499
355499
365476
365476
365475
355500
355500
355528
355528
355728
355728
355508
355508
355510
355510
355511
355511
355523
355523
355702
355533
355533
355538
355538
365746
365746
355547
355547
355548
355548
355549
355549
355726
355726
355558
355558
355553
355553
365750
355567
355567
355563
355563
355564
355564
355646
355590
355590
355614
355614
355614
355614
355683
355683
355620
355620
355652
355652
355651
355651
365463
365463
355666
355666
355667
355667
355672
365048
355674
355685
365815
365815
355696
355732
355732
355733
355733
365751
356716
356716
355856
355856
355857
355857
355860
355860
355864
355864
356363
356363
356013
356013
356012
356012
356027
356027
356025
356025
356036
356036
356628
356628
356084
356084
356085
356085
356085
356376
356376
356376
357108
357108
357108
357100
357100
356377
356377
356374
356374
356115
356115
356116
356116
356126
356126
365524
365524
356124
356124
356135
356135
356153
356153
356174
356174
356656
356656
365527
365527
356378
356378
356378
357005
357005
357005
357005
356805
356805
357016
357016
356812
356812
356812
357006
357006
357006
356825
356825
356851
356851
356854
356855
356855
356856
356862
356862
356860
356860
357149
357149
356898
356898
356897
356897
356922
356922
356919
356919
356947
356947
356952
356952
356971
356971
359762
359235
359235
359236
359236
359236
365369
365369
359871
359871
359872
359872
359872
359760
359760
359761
360741
360741
360739
360739
359803
359803
359804
359804
359819
359819
359817
359817
359833
359833
359832
359832
359834
359834
359841
359841
359840
359840
361055
361055
359862
359862
359863
359863
359866
359866
361054
361054
359865
359865
359867
359867
360778
360778
359924
359924
360777
360777
359994
359994
360043
360043
360042
360042
360126
360126
360809
360809
360254
360254
360255
360255
360269
360269
360808
360808
360371
360371
360385
360385
360384
360384
360403
360403
360405
360406
360407
360407
360420
360420
360432
360432
361149
360657
360657
360658
360658
360659
360659
360893
360893
361148
361608
361608
361609
361609
361571
361571
361572
361572
361572
361573
361573
361573
361646
361646
361647
361647
361645
361645
361649
361649
361655
361655
363819
363819
363820
363820
363777
363777
363823
363815
363816
363816
656651
656651
365462
365462
365465
365465
365474
366844
366844
366845
366845
367472
367472
367472
367473
367473
367473
366860
366860
366861
366861
366897
366897
367449
367449
367449
367274
367274
367231
367231
367232
367232
367232
367234
367234
367444
367444
367451
367451
367451
367233
367233
367275
367275
367450
367450
367383
367383
367383
367384
367384
367384
367423
367423
367423
372192
372192
372192
372183
372183
372183
367424
367424
372204
372204
367425
367425
367425
367426
367470
367470
367470
367484
367484
367434
367434
367435
367435
367436
367436
367616
367616
367608
367608
367437
367437
367438
367438
367605
367605
367439
367439
367440
367440
367739
367739
367756
367756
367443
367463
367463
367461
367461
367462
367462
367482
367482
371984
371984
367467
367467
367465
367465
367465
367465
367466
367466
367469
367469
367510
367510
367510
367800
367800
367800
367602
367602
367654
367654
367471
367471
367765
367765
367493
367509
367509
367519
367519
367673
367673
367677
367677
367541
367541
367542
367542
367559
367559
367558
367558
367724
367808
367808
367809
367814
367814
369620
369620
369621
369621
372122
372122
372066
372066
370488
370488
370488
370489
370489
370489
370667
370667
370667
370491
370491
370803
370803
370803
370492
370492
370492
370490
370490
370490
370507
370507
370507
370786
370786
370786
370494
370494
370495
370495
370512
370512
370512
370650
370650
370504
370504
370505
370505
370790
370790
370906
370906
370906
370506
370506
370506
370508
370508
370508
370536
370536
370687
370687
370687
370685
370685
370511
370511
370511
370531
370531
370802
370802
370802
370802
370514
370514
370515
370515
370665
370665
370665
370665
370859
370859
370859
370517
370517
370517
370517
370518
370518
370518
370666
370529
370529
370548
370548
370683
370683
370566
370566
370553
370553
370554
370554
370567
370567
370684
370684
370739
370583
370583
370848
370848
370584
370584
370585
370585
370588
370588
370587
370587
370706
370706
370597
370597
370598
370598
370614
370614
370615
370615
370623
370623
370622
370622
370762
370762
370860
370823
370823
370823
370823
370845
370845
370788
370788
370788
370787
370787
370789
370789
370904
370904
370904
370791
370791
370791
370863
370905
370905
370905
370907
370907
370907
371064
371064
370940
370940
370941
370941
370942
370942
370942
371374
371374
371624
371624
371624
371633
371633
371633
371075
371075
371434
371434
371571
371571
371571
381693
371508
371508
371509
371509
371517
371517
372166
372166
372166
372563
372563
372563
371955
371955
371632
371632
371625
371625
371626
371626
371634
371634
371629
371629
371629
371627
371627
371627
371628
371628
371628
371635
371635
371635
372032
372032
371631
371631
371958
371958
371645
371645
371636
371636
371637
371637
371638
371638
371639
371639
371824
371824
371648
371648
371653
371653
371650
371650
371651
371651
371654
371654
371812
371812
371652
371652
371829
371829
371817
371817
372034
372034
371820
371820
371821
371821
381771
381771
381771
372031
372031
372031
371988
371988
371989
371989
371989
372189
372189
372189
372035
372060
372061
372061
372859
372859
372067
372067
372860
372860
372135
372135
372724
372724
372140
372140
372141
372141
372145
372145
372561
372561
372169
372169
372170
372170
372172
372172
372656
372656
372722
372722
372722
372184
372184
372184
372205
372205
381772
631232
631232
631232
631232
631233
631233
631233
631234
631234
631234
646461
646461
646461
646462
646462
646462
631235
631235
631235
631235
646459
646459
646459
646401
646401
645889
645889
645889
645891
645891
631438
631438
631439
631439
631440
631440
631442
631442
631443
631443
631444
631444
631456
631456
631450
631450
631451
631451
631714
631714
631708
631708
631709
631709
631716
631716
631710
631710
631965
631965
631715
631715
631859
631859
631860
631860
631861
631861
631877
631877
631862
631862
631862
631863
631864
631864
631865
631865
631866
631876
631876
645780
645780
631964
633444
633444
633444
633444
633445
633445
633448
633448
633448
645221
645221
645221
647242
647242
647242
633446
633446
633446
633447
633447
633447
645220
645220
645220
647191
647191
647183
647183
647183
640928
640928
640929
640929
640931
640931
640931
640930
640930
640930
640933
640933
645892
645892
645940
645940
644595
644595
644596
644596
644665
644665
644597
644597
644599
644599
644601
644601
644601
644602
644602
644602
647913
647913
647913
644603
644603
647927
644605
644605
644606
644606
644608
644608
644610
644610
644611
644611
644613
644613
647752
647752
644618
644618
644619
644619
644620
644620
644621
644621
644623
644623
644624
644624
644625
644625
644625
644625
644626
644626
644626
644626
647912
647912
647912
644627
644627
645752
645752
645752
645751
645751
645751
645751
645751
644628
644628
644629
644629
644630
644630
644631
644631
644632
644632
644634
644634
644635
644635
644636
644636
644637
644637
644637
644638
644638
647692
647692
644640
644640
644641
644641
644644
644644
644645
644645
644646
644646
644648
644648
644654
644654
644655
644655
644659
644659
644661
644661
644663
644663
645222
645222
645222
647207
647207
647207
647245
647245
651271
651271
647921
647921
647921
647922
647922
647922
647924
645773
645773
645784
645784
645781
645781
645782
645782
645894
645894
645785
645785
645890
645890
646458
646458
645903
645903
645895
645895
645896
645896
645900
645900
645902
645902
646090
646090
646126
646126
646129
646129
646844
646844
646839
646839
646460
646460
646463
646463
646939
646939
646883
646883
647227
647227
647019
647019
647020
647020
647024
647024
647024
647021
647021
647021
647022
647022
647022
650527
650527
647023
647023
647023
647023
650526
650526
650526
650312
650312
650312
650315
650315
650315
647182
647182
647182
647185
647185
647185
647241
647241
647241
647184
647184
647184
647208
647208
647460
647460
647460
647286
647286
647228
647228
647464
647464
647244
647244
647287
647287
647308
647308
647310
647310
647319
647319
647312
647312
647313
647313
647321
647321
647314
647314
647576
647320
647320
647461
647461
647462
647462
647700
647700
647699
647699
652287
647875
647875
647876
647876
647876
647916
647916
647877
647877
647877
649020
649020
649020
647878
647878
648201
648201
648201
648201
647880
647880
647882
647882
647884
647884
647885
647885
647887
647887
647888
647888
647889
647889
647890
647890
647891
647891
647892
647892
647895
647895
647897
647897
647899
647899
647899
647900
647900
647900
647900
648186
648186
648186
647901
647901
647928
647928
647928
648185
648185
648185
647902
647902
647903
647903
647904
647904
647906
647906
647907
647907
647908
647908
647910
647910
647914
647914
647918
647918
647919
647919
652276
652276
647974
647974
647974
647975
647975
647975
648189
648189
648190
648190
648202
648202
648202
648225
648225
648222
648222
649070
649070
649061
649061
649062
649062
649065
649065
649087
649087
649123
649123
649124
649124
649133
649133
649143
649143
649142
649142
649146
649146
649147
649147
650482
650482
650402
650311
650311
650311
650313
650313
650313
650314
650314
650405
650405
650406
650406
650407
650474
650474
650475
650475
650584
650584
650537
650537
650539
650539
650571
650571
650581
650581
651312
651312
650740
650740
650617
650617
650618
650618
650637
650637
650629
650629
650741
652277
652577
652577
652578
652578
652580
652580
652628
652628
656758
656758
652584
652584
652585
652585
652586
652586
652587
652587
652593
652593
652594
652594
652596
652596
652597
652597
652599
652599
652600
652600
652601
652601
652605
652605
652606
652606
652607
652607
652609
652609
652610
652610
652611
652611
652612
652612
652613
652613
652614
652614
652616
652616
652617
652617
652618
652618
652620
652620
652621
652621
652623
652623
652623
652624
652624
652624
656675
656675
652625
652625
656674
652627
652627
652627
656673
652977
652977
652978
652979
652979
652980
652980
652982
652982
652983
652983
653136
653136
653137
653137
653138
653138
653139
653139
653141
653141
653143
653143
653144
653144
653284
653284
653285
653285
653331
653331
653650
653650
653336
653336
653649
653649
653694
653694
654233
654233
654234
654234
654291
654291
654315
654315
654984
654984
654396
654396
654397
654397
654398
654398
654414
654414
654400
654400
654490
654490
654409
654409
654410
654410
654412
654412
654479
654479
654480
654480
654481
654481
654493
654493
654482
654482
654483
654483
654484
654484
654552
654552
654491
654491
654898
654898
654569
654569
654571
654571
654603
654603
654604
654604
654682
654682
655104
655104
654709
654709
654710
654710
654711
654711
654730
654730
654729
654729
654810
654810
654768
654768
654769
654769
654770
654770
654814
654814
654771
654771
654772
654772
654773
654773
654774
654774
654790
654790
654793
654793
654795
654795
654796
654796
654797
654797
654799
654799
654801
654801
654802
654802
654803
654803
654804
654804
655165
655165
654813
654813
655204
655204
655205
655205
655207
655207
655209
655209
655210
655210
655212
655212
655213
655213
655215
655215
655216
655216
655217
655217
655218
655218
655222
655222
655223
655223
655224
655224
655225
655225
655272
655272
655273
655273
655274
655274
655275
655275
655426
655373
655373
655374
655374
655382
655382
655396
655396
660382
660382
655386
655386
655387
655387
655389
655389
655389
655390
655390
655390
655479
655479
655391
655391
655391
655394
655394
655392
655393
655395
655395
655602
655602
655595
655595
655596
655596
655782
655782
655603
655603
655860
655860
655861
655861
655931
655931
655932
655932
655933
655933
676553
676553
656032
656032
656033
656033
656037
656037
656035
656035
656035
656036
656036
656036
656326
656326
656326
656572
656572
656038
656038
656038
656039
656039
656040
656040
656040
656042
656042
676547
676547
656045
656045
656046
656046
656120
656120
656053
656053
656049
656049
656050
656050
656051
656051
656052
656052
656106
656106
656107
656107
656122
656122
656108
656108
656109
656109
656111
656111
656112
656112
656114
656114
656115
656115
656125
656125
656121
656121
656123
656123
656341
656341
656264
656264
656265
656265
656266
656266
656266
656266
656268
656268
656267
656267
656267
656267
656442
656442
656442
656495
656495
656401
656401
656401
656401
656402
656402
656402
656402
656325
656325
656325
656573
656573
656573
656574
656574
656571
656571
656571
656327
656327
656328
656328
656329
656329
656345
656345
656330
656330
656331
656331
656332
656332
656333
656333
656560
656560
656342
656342
656344
656344
656403
656403
656403
656407
656407
656407
656580
656404
656404
656443
656443
656405
656405
656406
656406
656581
656650
656469
656469
660741
660741
656562
656562
656575
656575
656575
656577
656577
656576
656576
656576
656578
656578
656578
656639
656639
660740
660740
1056824
1056824
656762
656762
656763
656763
656763
656764
656764
656767
656767
656767
656767
656836
656836
656836
656765
656765
656766
656766
656766
1057229
1057229
1057229
1057228
1057228
677493
677493
656837
656837
656838
656838
656838
656839
656839
656840
656840
656840
656948
656948
656952
656952
656949
656949
656997
656997
656998
656998
657033
657033
657004
657004
657005
657005
657014
657014
657006
657006
657007
657007
657009
657009
657010
657010
657011
657011
657011
657012
657012
657012
657012
657065
657013
657015
657015
657015
657016
657061
657061
657022
657023
657023
657024
657034
657034
657040
657040
657041
657041
657043
657062
657088
657088
657089
657089
657094
657094
657090
657090
657091
657093
657093
662889
662889
658984
658984
658984
658984
658985
658985
658987
658987
658987
662986
662986
662894
662894
662894
658986
658986
662895
662895
658988
658988
658989
658989
658992
658992
658990
658990
658990
658991
658991
658991
661848
661848
675608
675608
659130
659130
659131
659131
659134
659134
659134
659132
659132
659133
659133
659133
667814
667814
663855
663855
663855
660739
660739
662888
662888
662890
662890
662891
662891
663011
663011
662893
662893
662984
662984
662990
662990
663033
663033
663046
663046
663097
663097
663106
663106
663098
663098
663099
663099
663101
663101
663108
663108
663247
663247
663261
663261
663153
663153
663153
663154
663154
663160
663160
663502
663502
663155
663155
663155
663156
663156
663156
678025
678025
663157
663158
663158
663158
663159
663159
663159
663287
663287
663287
663260
663260
663291
663291
663273
663273
663274
663274
663293
663293
663275
663275
663276
663276
663278
663278
663279
663279
663280
663280
663281
663281
663572
663572
663285
663285
663286
663286
663288
663288
678022
663292
663292
663520
663520
663513
663513
663687
663687
663666
663666
663667
663667
663668
663668
663688
663688
663979
663979
663856
663856
667816
667816
667816
667816
663857
663857
663857
667817
667817
667817
663867
663867
663868
663868
663870
663870
663871
663871
663873
663873
663875
663875
663875
663876
663876
663876
664243
664243
664243
663877
663877
663877
664809
664809
664809
663878
663878
663878
664220
664220
664220
664220
663879
663879
664362
664362
664362
663881
663881
663881
663882
663882
663949
663949
663949
663884
663884
663950
663950
663950
663948
663948
663948
664290
664290
664290
664290
664289
664289
664289
663978
663978
663995
663995
663989
663989
663990
663990
663996
663996
664013
664013
664014
664014
664026
664026
664097
664097
664045
664045
664045
664046
664046
664047
664047
664047
665221
665221
664048
664048
664048
665223
665223
665222
665222
664093
664093
664094
664094
664095
664095
664103
664103
664096
664096
664117
664117
664115
664115
664146
664146
664144
664144
664145
664145
664172
664172
664178
664178
664176
664176
664184
664184
664183
664212
664212
664212
664212
664213
664213
664213
664213
664214
664214
664214
664221
664221
664215
664215
664215
664603
664603
664605
664605
664605
664602
664602
664602
664216
664216
664217
664217
664218
664218
664218
664219
664219
664219
664219
664568
664568
664568
664364
664364
664369
664369
664369
664222
664222
664222
664223
664223
664223
664226
664226
664226
667815
667815
667815
664224
664224
664224
667871
667871
667871
667871
664225
664225
664225
664225
667869
667869
667869
667870
667870
664233
664233
664233
664234
664234
664234
664235
664235
664235
667915
667915
667915
664267
664267
664267
664272
664272
664272
664236
664236
664236
667916
667916
664237
664237
664245
664245
664245
664247
664247
664244
664244
664244
664244
664246
664246
664246
664277
664277
664277
664282
664282
664282
664283
664283
664283
664255
664255
664255
664257
664257
664257
664256
664256
664256
664278
664278
664278
664263
664263
664263
664264
664264
664265
664265
664265
667890
667890
667890
667890
664266
664266
664266
667889
667889
667889
667872
667872
667872
664270
664270
664270
664271
664271
664271
664273
664273
664273
664275
664275
664274
664274
664274
664284
664284
664285
664285
664279
664279
664280
664280
664281
664281
664376
664376
664376
664363
664363
664363
664372
664372
664372
664372
664371
664371
664371
664371
664365
664365
664367
664367
664368
664368
664370
664370
664370
664551
664551
664551
664383
664383
664383
664377
664377
664377
664381
664381
664554
664554
664557
664557
664562
664562
664566
664566
664564
664564
664564
664565
664565
664565
664590
664590
664590
664578
664578
664589
664589
664598
664598
664600
664604
664604
665224
665224
665236
665236
665237
665237
665246
665246
665821
665821
665838
665838
665969
665969
665963
665963
665985
665985
666632
666632
666630
666630
666666
666666
666665
666665
666667
666667
666668
666668
666669
666669
666670
666670
666671
666671
670349
670349
667891
670388
670388
670386
670386
670409
670409
670446
675609
675609
675610
675610
675611
675611
675612
675612
675613
675613
675621
675621
678369
678369
675628
675628
675629
675629
675633
675633
675640
675640
675632
675632
675641
675641
675647
675647
675716
675716
675717
675717
675724
675724
895602
895602
894410
894410
894411
894411
895672
895672
895704
895704
895702
895702
895707
895707
895712
895712
895714
895714
895725
895725
895729
895729
895727
895727
895732
895732
895737
895737
895738
895738
895740
1053243
1053243
1053244
1053244
1053245
1053245
1053245
1053249
1053249
1053246
1053246
1053246
1053246
1056834
1056834
1056834
1053247
1053247
1056829
1056829
1056829
1056830
1056830
1056830
1053248
1053248
1056835
1056835
1056832
1056832
1056857
1056857
1056837
1056837
1056838
1056838
1056839
1056839
1056858
1056858
1057121
1057121
1057218
1057218
1057230
1057230
187500
186491
186057
186057
186018
186023
186023
186827
186012
185999
185999
185998
185998
186836
186017
186017
186028
186028
186024
186024
186002
186002
186037
186037
186037
186000
186000
186001
186001
185997
185997
186003
186003
186004
186004
186015
186015
185996
186102
186068
186068
186043
186043
186043
186016
186016
186016
186013
186013
186013
186033
186033
186033
186022
186022
186022
186005
186005
186005
186006
186006
186007
186007
186014
186014
186014
186010
186010
186008
186008
186008
186009
186011
186056
186056
186056
186025
186025
186025
186026
186026
186019
186019
186019
186020
186020
186021
186021
186044
186044
186044
186030
186030
186030
186048
186048
186048
186049
186049
186027
186027
186027
186031
186031
186031
186032
186032
186032
186029
186039
186039
186039
186038
186038
186038
186045
186045
186045
186046
186046
186046
186047
186047
186047
186034
186034
186035
186035
186040
186040
186040
186036
186036
186062
186062
186062
186053
186053
186053
186050
186050
186050
186054
186054
186063
186063
186101
186101
186051
186051
186051
186055
186055
186055
186060
186060
186067
186067
186067
186061
186061
186074
186074
186052
186052
186052
186064
186064
186065
186065
186065
186077
186077
186058
186058
186076
186076
186066
186066
186097
186097
186158
186100
186075
186075
186121
186094
186094
186096
186112
186105
186153
186153
186099
186099
186863
186095
186095
186098
186098
186098
186111
186104
186104
186103
186103
186103
186106
186106
186199
186262
186147
186178
186137
186137
186138
186139
186139
186140
186154
186154
186177
186151
186159
186159
186152
186152
186152
186179
186179
186179
186181
186181
186181
186157
186157
186157
186169
186169
186170
186170
186164
186180
186182
186182
186182
186240
186197
186303
186200
186198
186207
186232
186230
186293
186293
186239
186239
186243
186243
186261
186261
186273
186273
186273
186246
186267
186265
186265
186254
186249
186249
186247
186247
186248
186398
186250
186250
186250
186250
186252
186252
186252
186253
186253
186253
186251
186251
186251
186266
186266
186266
186263
186263
186283
186283
186283
186268
186268
186269
186270
186270
186276
186276
186276
186276
186321
186321
186296
186296
186305
186279
186279
186295
186295
186295
186282
186282
186282
186278
186278
186274
186274
186277
186277
186277
186285
186285
186286
186286
186301
186301
186301
186343
186343
186343
186284
186284
186302
186302
186302
186299
186299
186294
186290
186307
186297
186297
186292
186860
186312
186312
186312
186300
186300
186300
186323
186304
186326
186309
186309
186310
186311
186311
186354
186353
186331
186370
186342
186430
186344
186345
186346
186355
186355
186355
186376
186376
186375
186397
186397
186374
186525
186403
186394
186394
186399
186402
186402
186492
186504
186529
186529
186511
186519
186519
186522
186522
186522
186535
186528
186517
186499
186509
186509
186521
186521
186514
186514
186526
186518
186518
186518
186515
186516
186520
186520
186532
186523
186523
186524
186524
186524
186527
186527
186673
186676
191977
186711
186710
186712
186712
186712
186744
186828
186838
187501
187565
187565
187567
187502
187502
187561
187562
187562
187568
187590
187593
187591
187873
187874
188373
188379
188690
188691
188689
188689
189228
189408
189408
189408
189438
189438
189438
189435
191197
191197
189437
189434
189480
189499
189620
189635
189710
189624
189709
189709
189687
189708
189708
189708
189707
189794
189807
189799
189808
189811
189861
189862
190259
190298
190660
190661
190662
190663
190705
190706
190706
190704
190758
190760
190761
190756
190757
190806
190759
190759
190759
190772
190778
190777
190793
190794
190858
190859
190860
190860
190861
191304
191304
190986
191003
191118
191120
191305
191555
191559
191841
191869
191869
191915
191915
191913
191899
191900
191973
191976
191978
192255
192101
192100
192113
192118
192118
192117
192313
192222
192223
192224
192224
192252
192252
192253
192253
192239
192240
192247
192259
192258
192258
192248
192249
192249
192254
192254
192312
192339
192340
192344
192358
192410
192406
192402
192403
192409
192409
193518
193519
193696
193695
210973
211030
215056
215057
215890
215890
215891
215894
215894
215892
215892
215892
215893
215909
260579
259606
259607
259740
259741
260352
260353
260519
260520
261134
260580
260766
260756
260756
260615
260774
260768
260768
260758
260704
260706
260708
260708
260707
260715
260723
260724
260725
260798
260798
260797
260797
260799
260800
260795
260795
260792
260792
260793
260793
260770
260776
260767
260769
260791
260794
260794
260796
260796
260806
260805
260805
260807
261147
261096
260951
260952
260973
260971
260971
260971
260971
260972
260972
260972
261041
261041
261041
261041
261044
261044
261044
261043
261043
260989
260995
260994
260994
260993
260993
260993
261141
261141
261143
261143
261148
261148
261042
261092
261093
261093
261093
261093
261094
261163
261163
261162
261162
261095
261095
261095
261097
261100
261098
261099
261137
261140
261136
261133
261135
261135
261135
261139
261138
261138
261144
261144
261142
261142
261145
261146
261146
261158
261159
261160
261161
261164
261165
261571
261358
261356
261356
261354
261357
261573
261572
261423
261430
261589
261478
261478
261809
261810
261520
261521
261521
261524
261519
261519
261651
261651
261652
261652
261525
261534
261536
261685
261611
261612
261612
276859
261629
261630
261634
261649
261660
261660
261659
261862
261969
261972
261972
261865
261970
264433
264434
264434
264435
264435
264436
264440
264441
264463
264462
264488
264489
265098
265098
265101
265101
265104
265105
265105
265150
265107
265107
265099
265100
265102
265103
265106
265106
265106
265171
265146
265170
265148
265148
273322
273357
276835
276836
354624
345841
345541
359833
370517
345469
347726
345128
345129
345129
345130
345130
345131
345466
345968
345465
345468
345475
345500
345476
345476
345501
345501
345481
345481
345481
345482
345482
345482
345483
345483
345483
370566
345487
345486
370585
345570
345813
345688
345828
345759
345759
345965
345784
345784
345760
345785
345785
345785
345786
345786
345787
345788
345788
345788
345789
345789
345790
349052
349055
345821
345821
345822
345814
345816
345817
345870
345870
370666
345871
345871
345872
345880
345881
345881
345882
345939
345939
345940
345941
345966
345966
345967
370684
347751
347346
347350
347773
347700
347700
347700
347705
347705
347703
347755
347757
347730
347730
347702
347702
347701
347701
347701
347761
347761
347763
347763
347763
347723
347723
347708
347708
347708
347706
347706
347707
347707
347725
347750
347714
347718
347722
347722
347720
347720
347720
347721
347721
347724
347724
347727
347727
347731
347731
347731
347778
347778
347778
347732
347752
347752
347741
347741
347740
347740
347742
347746
347747
347756
347756
347760
347774
347765
347765
347766
347772
347775
347779
347779
347865
347832
347832
347832
347784
347785
347833
347833
347844
347844
347834
347861
349026
372204
349027
349016
349021
349022
349022
349024
349031
349047
349046
349049
349050
349079
349079
349080
349080
349081
349081
349091
349787
349787
349134
349131
349790
349790
349788
349950
349952
351085
351084
355856
353813
353961
353961
353920
353919
353962
354303
354364
354364
354363
354363
354365
354365
354586
354574
354584
354622
354622
354626
355653
355653
355592
354866
354898
355376
355376
355389
355389
355402
355393
355464
355394
355381
355381
355460
355460
355460
355392
355377
355377
355377
355391
355391
355396
355372
355372
355427
355427
355373
355373
355435
355435
355437
355437
355437
355375
355375
355390
355390
355378
355378
355378
355397
355397
355397
355403
355403
355403
355379
355379
355380
355380
355380
355459
355459
355398
355398
355428
355428
355428
355400
355400
355400
355399
355399
355399
355399
355401
355401
355401
355442
355442
355442
355442
355453
355404
355406
355408
355409
355409
355410
355410
355410
355410
355411
355411
355508
355508
355563
355511
355511
355511
355414
355415
355415
355415
355416
355416
355417
355417
355499
355499
355418
355418
355418
355419
355419
355419
355419
355420
355421
355421
355489
355489
355422
355422
355422
355423
355490
355490
355490
355426
355426
355497
355429
355429
355431
355503
355498
355436
355436
355438
355438
355439
355443
355443
355444
355444
355444
355444
355457
355457
355457
355446
355446
355445
355445
355445
355692
355692
355692
355702
355702
355516
355456
355732
355469
355474
355478
355475
355475
355591
355591
355591
355589
355479
355479
355481
355646
355533
355500
355500
355501
355509
355509
355509
355510
355510
355528
355538
355538
355549
355548
355683
355593
355590
355590
355651
355651
355594
355624
355652
355652
355617
355611
355611
355612
355613
355613
355614
355614
355741
355741
355672
355675
355675
355674
355674
355681
355681
360407
360407
355685
355686
355686
355687
355691
355691
355691
355695
355696
355696
355696
355742
355857
356013
356012
356012
356025
356025
356036
356377
356374
356376
356376
356854
356854
356855
356856
357005
357006
360254
359235
359236
359762
359867
359760
359803
359761
359761
359804
359834
359841
359840
359866
360255
360384
360385
360405
360406
360406
360658
360659
360657
360657
371635
360777
360777
360778
360778
360809
360809
361054
361055
361148
361149
361572
361571
361645
361646
361647
361647
363823
363820
363819
363816
363815
363815
365750
367443
365048
365048
367519
365473
365474
365474
365475
365475
365476
365751
366845
366844
366844
366861
366861
366860
370614
370553
367231
367231
367232
367233
367233
367234
367274
367274
367436
367275
367275
367466
367466
367467
367493
367470
367470
367425
367383
367384
367439
367439
367469
367471
367423
367424
367424
367424
367426
367437
367437
367438
367440
367449
367449
367450
367450
367451
367451
367482
367461
367461
367462
367463
367463
367465
367465
367465
367509
367510
367559
367558
367739
367724
367809
367809
367765
367808
369620
369621
370495
370494
370494
370508
370488
370491
370491
370489
370489
370489
370490
370490
370492
370492
370504
370505
370514
370515
370515
370554
370587
370615
370685
370739
370789
370790
370802
370791
370803
370787
370786
370905
370859
370860
370860
370862
370862
370863
370906
370940
370940
370941
370942
372205
371508
371509
371636
371636
371631
371631
371650
372563
371638
371638
371637
371637
371639
371624
371628
371628
371626
371626
371625
371625
371627
371627
371645
371632
371632
371633
371633
371634
371634
371648
371651
371651
371651
371651
371652
371652
371653
371653
371654
371654
371820
371821
372034
372035
372035
372060
372060
372061
372169
372172
372170
372184
372184
372183
372656
381693
381772
655426
631438
631232
656333
631443
631233
631439
631439
631440
631444
631715
631716
631860
631859
631861
631862
631862
631863
631863
631864
631864
631865
631865
670446
670446
631866
631876
631877
652611
652617
652618
652618
652623
631964
631964
631965
631965
652978
652978
652977
652977
647699
633446
633447
633444
633445
664589
664604
664603
664603
647460
652980
647904
647906
647901
647901
647903
664094
640928
640929
655931
664376
663875
644608
644603
644603
644602
644640
644637
644637
644637
644610
644610
644626
644626
644626
644645
644645
644618
644618
644628
644628
644631
644631
644631
644630
644629
644632
644632
644596
644596
644595
644597
644597
644601
644611
644611
644613
644613
644619
644619
644624
644624
644621
644621
644654
644620
644620
644620
644623
644623
644623
644644
644644
644644
644648
644648
644625
644625
644625
644627
644627
644638
644638
644638
644635
644635
644635
644634
644636
644636
644641
644646
644663
644665
645220
645221
645221
645222
645782
656342
645891
645752
645751
645780
645781
645781
645781
645785
645892
645902
645903
646458
646459
646460
646460
646461
646461
646461
647021
646462
646463
647019
647020
647022
647022
647023
647024
647227
647228
647321
647241
647242
647242
647310
647286
647287
647308
647313
647313
647312
647312
647314
647319
647320
647320
647461
647576
647692
647700
647878
647876
647876
647875
647875
647875
647875
647877
647877
647877
647899
647899
647890
647890
647890
647895
647895
647887
647887
647887
647884
647884
647888
647889
647889
647891
647891
647892
647892
647918
647918
647900
647897
647902
647902
647921
647921
647916
647916
647907
647910
647912
647912
647913
647913
647914
647914
647919
647922
647924
647927
647927
647928
647975
647974
648189
648186
656325
649087
649143
649133
649123
649123
649142
650618
650617
650616
650314
650314
650315
650315
650312
650312
650313
650313
650313
650402
650402
650407
650474
650475
650527
650526
650631
650741
650742
650742
650748
656050
653139
653139
666668
666668
666667
666670
652287
652277
652624
652625
656574
652584
652585
652585
652587
652587
652587
652616
652616
652612
652612
652577
652580
652578
652578
652586
652586
652607
652607
652607
652601
652606
652606
652606
652599
652599
652593
652593
652594
652610
652610
652596
652597
652609
652600
652613
652613
652614
652614
652614
652620
652620
652620
652621
652979
653138
653137
653136
653143
653284
653285
655217
654233
654234
654398
654481
654396
654397
654397
654397
654480
654480
654479
654483
654483
654482
654482
654482
654484
654493
654771
654773
654711
654709
654710
654710
654770
654797
654797
654774
654803
654796
654796
654799
654799
654801
654801
654801
654804
654802
655223
655223
655204
655204
655390
655205
655205
655222
655222
655212
655213
655215
655216
655216
655272
655273
655273
655274
655274
655275
655391
655373
655374
655392
655392
655393
655393
655394
655394
655395
655395
655396
655596
655603
655603
655602
655860
656108
655861
655932
656052
656051
656051
656045
656112
656112
656038
656032
656033
656035
656036
656036
656037
656037
656046
656115
656122
656123
656265
656341
656332
656332
656267
656266
656268
656404
656326
656326
656326
656327
656327
656327
656330
656330
656328
656329
656331
656331
656402
656402
656403
656405
656401
656406
656407
656442
656443
656572
656572
656571
656571
656571
656573
656573
656573
656577
656577
656577
656578
656578
656575
656575
656575
656576
656576
656581
656581
656580
656650
656650
656651
656651
656673
656673
656675
656674
657007
656765
656762
656764
656763
656766
656766
657015
656837
656836
656838
656838
656839
656840
657009
657009
657009
657011
657011
657014
656998
657041
656997
657004
657005
657005
657006
657010
657010
657013
657013
657013
657012
657012
657012
657012
657023
657023
657022
657022
657016
657016
657024
657043
657033
657062
657062
657061
657061
657065
657065
657090
657090
657091
657091
657093
657088
657089
658984
658991
658992
658989
658989
658988
658988
658986
658986
658990
658985
658985
658987
658987
659134
659134
659131
659132
659133
659133
663687
664271
664271
664271
664243
664243
664244
664244
664278
664278
660739
660740
660740
660741
663099
663098
663868
663868
663855
663856
663867
663867
663871
663871
663870
663870
662890
662890
662891
662894
662894
662895
663275
663159
663160
663160
663154
663155
663155
663158
663158
663157
663157
663274
663274
663261
663260
663273
663279
663280
663280
663287
663287
663286
663285
663285
663292
663293
667891
663666
663667
663667
663668
663688
663878
663878
664377
663876
663876
663877
663881
663882
663882
663884
663949
663950
663978
663979
664013
664014
664045
664046
664046
664214
664214
664214
664213
664213
664370
664370
664372
664095
664096
664097
664144
664144
664145
664255
664280
664280
664146
664221
664221
664215
664176
664178
664183
664183
664217
664184
664219
664219
664236
664216
664216
664216
664225
664225
664212
664212
664212
664212
664222
664222
664222
664223
664223
664226
664226
664218
664218
664220
664220
664220
664235
664235
664233
664233
664234
664245
664245
664246
664246
664246
664247
664257
664257
664256
664265
664265
664264
664264
664264
664267
664267
664263
664263
664263
664273
664273
664273
664266
664266
664266
664266
664275
664275
664274
664274
664277
664277
664281
664272
664272
664282
664282
664282
664284
664284
664284
664279
664279
664283
664283
664283
664289
664289
664290
664290
664362
664363
664363
664364
664364
664365
664371
665224
664564
664564
664565
664565
665222
665222
664566
664590
664600
664600
664602
665223
665223
666671
666671
666669
666669
667915
667870
667870
667815
667815
667817
667814
667871
667872
667916
667916
675717
675609
675611
675611
675608
675608
675610
675610
675610
675612
675612
675640
675641
675727
678022
678025
895607
895740
895738
895606
895606
895712
895725
895729
1053249
1053244
1053245
1053243
1053243
1053246
1053246
1053247
1053248
1053248
1056838
1056829
1056830
1056830
1056832
1056835
1056837
1056839
1057230
1057229
1057228
1057228
