185997
185998
186111
185996
186120
185996
185999
186112
185996
186112
186122
185997
186121
186548
185998
186051
185998
186111
185999
186050
186001
186004
186139
186000
186002
186139
186000
186010
186140
186000
186001
186140
186001
186003
186002
186048
186003
186046
186004
186009
188434
186004
186139
186167
186006
186007
186005
186011
186164
186005
186039
186153
186006
186008
186159
186006
186147
186177
186007
186038
186153
186007
186039
186147
186239
186009
186011
186154
186008
186010
186155
186008
186155
186158
186159
186009
186154
186157
186010
186151
186491
186011
186154
186178
186013
186024
186012
186014
651311
186012
186019
186013
186015
186201
186013
186017
651312
186014
186016
186014
186205
186250
186015
186017
186016
186247
651311
186017
186249
186254
186019
186021
186018
186024
186018
186020
186021
186023
186020
186022
186205
186023
186027
186022
186026
186023
186201
186207
186026
186030
186025
186027
186025
186029
186029
186031
186028
186030
186028
186033
186031
186032
186033
186101
186032
186100
186035
186040
186233
186034
186036
186034
186249
650230
186034
186234
186235
186035
186037
186232
186036
186038
186230
186036
186230
186234
186037
186039
186037
186232
186246
186040
186247
215894
186040
650402
186044
186096
186043
186045
186043
186049
186044
186050
186045
186051
186047
186048
186046
186049
186047
186096
186053
186106
186052
186056
186052
186105
186053
186054
186055
186056
186054
186057
186055
186058
186057
186059
186058
186060
186059
186063
186060
186064
186062
186065
186061
186066
186061
186064
186062
186067
186972
186063
186065
186066
186068
186066
186981
215057
186067
186077
186981
186068
186076
186068
186972
186983
186075
186076
186977
186074
217199
186074
186077
186074
186976
214328
186075
214328
186095
186099
187502
186094
211740
186094
186098
650626
186094
187501
186095
186103
186098
186104
186097
186099
650742
186097
186105
650748
186098
650626
650748
186099
650617
650742
186101
186102
650631
186100
186103
650628
186100
650629
186102
211740
650616
186102
650629
650637
186103
650617
650618
186104
186106
187547
186104
650742
186105
187546
186111
186548
186120
186548
186120
186121
186122
186138
186137
192120
186138
192118
186140
186169
186153
186164
186152
188434
186151
186153
186240
186241
186154
186170
186155
186158
186159
186177
186179
186164
186178
186180
186181
186167
186178
186184
186177
186181
186182
186177
186180
186278
186179
186197
186288
186180
186279
186288
186181
186277
186279
186182
186278
186285
186182
186184
186292
186184
186200
186492
188434
186197
186295
186199
186290
186198
186494
186198
186402
186199
186508
186200
186293
186296
186297
186201
186251
186205
186330
186207
186331
186230
186263
186273
186300
186232
186233
186235
186233
186234
186261
186265
186235
186262
186267
186235
215889
215890
186239
186243
186239
186248
186240
186276
186241
186263
186243
186277
186246
186248
186246
186262
186274
186246
186299
186302
186303
186247
186266
215891
186249
186250
186253
186594
186252
186594
186252
186253
191389
186254
186267
186254
215889
215893
186261
186270
186273
186261
186266
186268
186262
186269
186342
186265
215891
215892
186265
186267
186269
186268
186270
186270
186343
186273
186345
186346
186274
186304
186370
186274
186344
186353
186276
186278
186283
186277
186282
186284
186279
186284
186286
186283
186299
186282
186300
186301
186283
186285
186285
186296
186311
186286
186294
186295
186286
186312
186288
186293
186294
186290
186403
186292
186294
186295
186292
186293
186296
186295
186323
186297
186326
186299
186307
186309
186300
186303
186305
186376
186300
186302
186304
186301
186321
186301
186305
186310
186302
186307
186302
186310
186375
186382
186303
186345
186370
186304
186345
186371
186307
186321
186376
186382
186309
186310
186310
186375
186376
186311
186323
186397
186326
186398
186330
186342
186344
186343
186346
186346
186354
186353
186355
186354
186380
186355
188373
186370
186373
186371
186374
186373
186375
186374
186376
186382
186380
188379
186394
186527
186393
186527
186535
186393
186394
186526
186394
186540
186397
186399
186398
186711
186399
186402
186499
186508
186403
186504
186403
186494
186509
186431
186753
186430
186707
186430
186744
186431
186710
186491
186511
186512
186492
186514
186492
186515
186516
186499
186526
186504
186509
186527
186508
186526
186528
186509
186514
186521
186529
186511
186528
186512
186516
186517
186512
186515
186519
186515
186518
186516
186518
186520
186517
186519
186521
186518
186520
186528
186529
186519
186521
186525
186520
186524
186521
186528
186532
186523
186712
186522
186522
186525
186529
186676
186532
186673
186535
188057
186540
186594
191388
186676
186677
186673
186699
186677
186700
186699
186741
186700
186744
186707
186758
186710
186816
186741
186753
186758
186827
186816
186828
186827
186833
186828
186836
186833
211957
186836
186838
186838
186863
186837
211957
186837
186860
186855
189349
186854
189623
186854
189348
186855
189624
186863
186866
186860
188474
186866
189687
186874
191197
186873
191120
186873
191196
186874
191118
186972
186977
187004
186976
186990
186977
217199
186981
186990
186983
187004
187501
214974
187500
187502
187500
187523
214974
215056
187523
187543
187562
187542
210701
187542
187561
187543
187546
187547
210701
187562
187565
187561
214927
187565
214934
187568
187593
187567
214934
187567
187568
214927
187591
187594
187590
187590
190986
187594
187874
187876
187873
189630
187873
189633
187874
189409
187876
189635
188373
188675
188379
188684
188474
189707
188595
189480
188594
189495
188594
189425
188595
189435
189496
188675
188689
188684
188690
188689
188691
188690
188692
188691
189579
188692
188703
188704
189579
188703
188726
188704
188725
188725
189222
188724
188726
188724
189172
189185
189222
189172
189226
189185
189228
189429
189480
189226
189230
189228
189233
189230
189275
189233
189438
189275
189349
189408
189347
189543
189346
189429
189346
189547
189347
189425
189436
189348
189409
189408
189630
189429
189434
189499
189434
189435
189433
189436
189437
189433
189437
189495
189434
189435
189496
189436
189496
189437
189495
189499
189543
189613
189547
189617
189613
189620
189617
189623
189633
189687
189708
189710
189694
196083
189693
191559
189693
196082
189694
191555
189707
189756
189707
189709
189735
189708
189708
189799
189710
189748
189735
189800
189756
189758
189748
189767
189758
189766
189767
189776
189766
189794
189776
189811
189799
210756
189794
189819
189800
189807
189808
210756
189807
189853
189808
189859
189811
190199
189819
190212
189853
189860
189859
189861
189860
189862
189861
191711
189862
191794
189989
189992
189988
190216
189988
190252
189989
190214
189992
190254
190199
190214
190212
190216
190252
190259
190254
190298
190586
190297
190297
191092
191711
191715
190586
191093
190661
193762
190660
193675
190660
190843
190661
190805
190843
190663
192310
192340
190662
192311
190662
192311
192312
192340
190662
192310
192312
192339
190663
192309
192310
190705
193246
190704
190706
190704
190754
190705
190755
190706
190754
190756
190757
190755
190777
193246
190754
190758
190755
190759
190761
190778
190755
190772
190756
215046
215047
190756
190759
190760
215047
190756
190758
190778
190757
190773
215046
190759
190760
190777
190758
190778
190779
190760
214359
190761
190772
215047
190761
190778
215046
190772
215049
190773
190794
190779
190799
190794
190795
190799
190793
215049
190793
190861
190864
190793
214359
215034
190795
190859
190887
190795
190859
190860
190799
197034
190806
193675
190805
190843
190844
190806
193675
193762
193788
190806
191003
190843
193729
190844
190858
190859
190857
197034
190857
190861
190864
190858
215034
190861
190864
190891
190887
191340
190891
191343
191092
191111
191093
191112
191111
191118
191112
191120
191197
191206
191196
192084
191206
192104
191305
196100
191304
192101
191304
192101
196101
191305
192100
196100
191340
193518
191343
193519
191389
192410
191388
192409
191559
196094
191555
196095
191794
191795
191715
191804
191795
191823
191804
191840
191823
191839
191840
191841
191839
191842
191841
191845
191842
191866
191845
191869
191866
191870
191869
191900
191870
191895
191899
191900
191895
191907
191899
191911
191907
191913
191911
191915
191913
191916
191915
191973
191916
191976
191973
191977
191976
191978
191977
191993
191978
191994
191993
192042
191994
192044
192042
192047
192044
192222
192047
192223
192084
192113
192101
196082
211030
192100
196083
192100
192104
192116
192113
192117
192116
192118
192117
192120
192222
192225
192223
192224
192225
192239
192224
192240
192239
192247
192240
192249
192247
192248
192249
192252
192248
192253
192252
192254
192253
192255
192254
192258
192255
192259
192258
192272
192259
192275
192272
192274
192275
192406
192274
192344
192406
192309
192312
192313
192359
192308
192311
192308
192310
192340
192308
192342
192343
192308
192334
192358
192313
192339
192343
192313
192342
192358
192359
192360
192334
192358
192361
192340
192342
192343
192359
192360
192360
192363
192361
192403
192363
192402
192403
192405
192402
210773
192405
192409
192410
210773
193518
199029
193519
215908
193696
210973
193695
210974
193695
193696
193801
193788
193801
193729
210974
196094
196097
196095
196101
196097
196100
199029
215909
215889
215891
215908
259606
259607
259861
259605
259895
265689
259605
259819
259605
259780
259819
259895
259606
259614
265679
259606
259861
260343
259607
259779
259861
259704
265689
259614
259705
259704
259740
259705
259741
259740
265686
259741
259779
259780
259819
265686
259779
259861
259808
260353
259807
260351
259807
260343
259808
260352
259895
260353
260351
265693
260352
260611
260506
260519
260505
260520
260505
260520
260563
260506
260519
260564
260519
260564
260579
260520
260563
260580
260563
260580
260616
260564
260579
260611
260579
260615
260580
265693
260616
260705
260706
260707
260704
260989
261353
261432
260704
260708
260704
260708
260712
260705
261288
260705
261113
261429
260705
261099
261288
260706
260707
261336
260707
260948
260708
261316
260712
261316
261423
260715
261317
260714
265818
260714
261316
260715
261083
260724
260809
260723
260809
260981
260723
260724
260996
260724
260725
260805
260981
260725
260754
260758
260798
260753
260756
261058
260753
260760
260763
261058
260753
260756
260800
260754
260755
260797
260798
260754
260758
260760
261033
260756
260757
260799
260800
260755
260799
260755
260757
260793
260797
260755
260798
260756
260793
260794
260799
260758
260994
260758
260759
261058
260760
260761
260759
260766
260767
260761
260767
260771
260761
260766
260768
260763
260995
260766
260773
260776
260767
260770
260776
260768
260771
260775
260768
260769
260770
260775
260769
260776
260771
260772
260773
260774
260772
260792
260796
260791
260993
260791
260795
260993
260792
260796
260952
261033
260794
260797
260799
260793
260797
260961
260794
260956
260796
261033
260795
260993
261058
260807
261263
260806
260806
261133
260809
260995
260948
261317
261336
260948
260952
260956
260951
260993
260951
260961
260994
260996
260971
260972
260970
261478
261684
260970
260973
261057
261478
260971
260972
261477
260971
261477
261685
260972
261471
261865
260972
261269
261476
260973
261269
260973
260989
261098
261353
261040
261041
261044
261039
261041
261634
261039
261040
261042
261039
261043
261746
261040
261042
261043
261041
261043
261634
261042
261044
261634
261044
261630
261057
261471
261057
261477
261862
261082
265818
261083
261087
261082
261323
261087
261088
261090
261323
261088
261092
261090
261091
261092
261093
261091
261094
261093
261095
261094
261096
261095
261097
261096
261098
261354
261097
261099
261288
261356
261097
261356
261358
261098
261100
261353
261357
261098
261354
261357
261099
261102
261113
261099
261356
266139
261100
261432
261100
266139
261102
261357
261134
261263
261133
261135
261134
261137
261135
261136
261137
261860
261136
261139
261139
261140
261138
261860
261138
261142
261140
261141
261142
261144
261141
261143
261144
261146
261143
261145
261146
261419
261145
261525
261148
261157
261147
261545
261147
261158
261148
261527
261157
261159
261158
261160
261159
261161
261160
261162
261161
261163
261162
261164
261163
261165
261164
261396
261165
261504
261396
261809
261354
261374
261685
261373
266444
261373
261684
261374
261862
261419
261524
261430
261432
261429
261476
261478
261684
261476
266444
261504
261520
261519
261520
261521
261518
266162
261518
261809
261815
261518
261536
261519
261812
261520
261814
261521
261534
261525
261527
261524
261545
261536
261552
261534
261551
261552
261581
261551
261579
261572
261651
261571
261573
261571
261652
261572
261581
261589
261579
261606
261589
261759
261606
261613
261612
261613
261611
261611
261759
261630
261631
261629
261746
261629
264428
261631
264433
261649
264430
264433
261648
264433
261648
264429
261648
261649
264428
261651
261969
261652
261970
261659
261660
261658
262454
261658
263258
261659
261972
261660
263257
261811
261812
261810
261814
261810
266162
261811
261815
261969
263177
261970
263179
262454
263177
263257
263179
263258
264430
631815
264429
631438
264435
265484
264434
264436
264434
265407
264435
264440
264436
264441
264440
264462
264441
264463
264462
264468
264463
264470
264468
264474
264470
264476
264474
264477
264476
264479
264477
264491
264479
264488
264489
264491
264488
264512
264489
264516
264512
264523
264516
264540
264523
264541
264540
265555
264541
265578
264871
265150
264870
265170
264870
265148
264871
265171
265099
265108
675727
265098
265100
265101
895606
265098
265106
265098
675724
895602
265099
265101
265104
895606
265099
265100
265114
265099
265100
895607
265100
265105
895607
265101
265113
265103
265105
265102
265116
265102
265104
265103
265110
265104
895606
265107
265108
265106
265117
265107
265119
265113
265116
265110
265114
265117
265123
265119
265146
265123
265148
265146
265150
265170
265236
265171
265235
265236
265237
265235
265238
265237
265407
265238
265484
265555
265679
265578
265689
271426
346346
271425
275161
271425
350872
271426
275160
273260
276889
276908
273259
273322
273563
276909
273259
276747
273259
276896
276909
273260
273261
273563
273260
273322
273472
276747
273260
273262
276908
273262
273322
273472
273261
276909
273261
273563
273357
275162
273356
273356
275160
273563
276889
275161
275162
276836
276854
276835
276849
276855
276835
276855
276836
276854
276859
276836
276850
276849
276892
276850
276896
276855
276892
276908
345128
345129
345130
345127
354866
345127
345130
345127
345129
345131
345128
345130
345325
345131
345326
345325
354626
345326
345541
345465
345467
345464
345759
345464
345466
345465
345469
345487
345467
345468
345466
345469
345468
345759
354583
345469
354584
345476
345481
345475
345717
345475
345476
345760
345483
345482
345500
345483
345501
345487
345509
345486
345759
345486
345510
345509
345570
345500
345502
345501
354620
345502
354624
345510
345556
345533
345543
345532
354622
345532
345541
345533
354624
345543
354626
345570
345683
345556
345688
345683
345717
354586
345760
345783
345784
345782
345880
345881
345782
345939
345783
345881
345882
345968
345783
345880
345966
345784
345874
345786
345790
345785
345785
345799
345788
345789
345787
345787
345790
345802
345799
345804
345802
345814
345804
345813
345814
354085
345813
345817
345817
345822
345816
354085
345816
345821
345822
345828
345835
345827
345827
345841
345835
345870
345882
345869
345869
345880
345968
345872
345874
345871
345942
345871
345939
345872
345940
345880
345882
345967
345881
345967
345941
345942
345940
345963
345941
345965
345963
354574
345965
345966
345968
346346
354302
347346
347350
347345
347714
347345
347718
347346
347707
347350
347864
347700
347701
347699
353959
347699
349422
347700
353962
347701
349992
347703
347706
347702
347821
347702
347705
347703
349991
347706
350092
347705
347818
347708
347714
347707
347865
347708
347866
347718
347721
347721
352403
347720
347864
347720
352421
347723
347756
347722
347744
347722
347779
347832
347834
347723
347742
347725
347861
347724
352576
347724
347860
347725
352575
347727
347732
347726
347860
347726
347730
347727
347861
347731
347732
347730
347740
347731
347814
347740
347747
347742
347757
347741
347744
347741
347766
347747
347750
347746
347814
347746
347752
347750
347751
347752
347755
347751
347760
347755
347761
347756
347756
347756
347833
354898
347757
347765
347760
347763
347761
347773
347763
347772
347766
347785
347765
347784
347773
347778
347843
347772
347772
347775
347844
347775
347790
347774
347843
347774
349010
347785
349012
347784
349018
347790
349016
349010
349026
347818
347866
347817
350092
347817
347865
347821
349992
347834
347834
347843
349012
349024
349016
349034
349018
349027
349022
349041
349021
349031
349021
350012
349022
349027
349024
349031
349026
349788
349034
349787
349041
349047
349047
349049
349052
349046
350012
349046
349050
349796
349046
349048
349049
349055
349048
349052
349053
349950
349050
349791
353916
349050
349817
349052
353920
349053
353919
349053
349790
349079
349083
349078
349078
349091
349081
349080
349952
349081
349817
349790
349950
349952
349083
349093
349091
349104
349093
349826
349104
349132
349132
349134
349131
349826
349131
353813
349134
349422
349991
349788
349791
349817
349796
353919
350872
354303
351084
351085
351083
354363
354364
351083
354365
351084
351084
351085
352403
352429
352421
352575
352429
352576
353916
353920
353959
353961
353962
354302
354583
354620
354622
355373
355375
355372
355383
355372
355376
355373
355653
365473
355375
355377
355378
355376
355498
355376
355379
355380
355377
355499
365476
355378
355624
355378
355381
355379
355380
355516
355381
365476
355383
355620
355383
355499
365474
355390
355391
355589
355389
355591
355741
355389
355392
355393
355389
355590
355591
355390
355589
355390
355392
355391
355741
355742
355391
355613
355673
355392
355400
355393
355398
355674
355393
355612
355614
355395
355396
355401
355394
355675
355394
355612
355675
355394
355402
355411
355395
355396
355614
355396
355402
355613
355614
355398
355399
355402
355397
355673
355397
355400
355410
355397
355401
355475
355612
355399
355593
355742
355399
355414
355400
355414
355401
355406
355418
355402
355456
355611
355404
355408
355403
355409
355403
355409
355417
355404
355408
355421
355411
355416
355406
355415
355408
355421
355681
355409
355417
355419
355594
355410
355592
355593
355411
355415
355456
355414
355416
355418
355420
355436
355415
355435
355686
355415
355419
355417
359126
355418
355457
355475
355420
355421
355603
355419
355474
355683
355421
355474
355423
364758
355422
359126
355422
355448
355423
355681
355427
355428
355429
355426
355691
355426
355691
355692
355426
355431
355427
355428
355428
355429
355437
355442
355431
355438
355439
355431
355438
355445
355436
355687
355435
365815
355436
355437
355442
355443
355437
355695
355438
355444
355439
355444
355696
355442
355446
355443
355695
355445
355464
355446
355481
355448
355453
355447
364758
355447
355452
355453
355460
355452
355459
355456
365814
355457
365815
355460
355469
355459
355483
355464
355469
355482
355475
355501
355594
355603
355500
355611
355479
355617
355478
355478
355483
355488
355482
355496
355488
355503
355490
355497
355489
365468
355489
355509
355490
365465
355496
355728
355497
355508
355498
365473
365475
355498
355516
355499
355501
355528
355500
355533
355503
355726
355509
355510
355508
355511
355510
355523
355511
355702
355523
355528
355538
355533
365746
355538
355553
355548
355549
355547
355726
355547
355558
355548
355728
355549
355567
365746
365750
355553
355558
355563
355564
355567
355563
355646
355564
355589
355614
355590
355612
355613
355675
355603
355685
355652
355653
355620
355651
355652
365463
355651
365462
355667
355672
355666
365048
355666
355667
355673
355683
355687
365814
355695
355733
365751
355732
356716
355732
355733
355857
355857
355860
355856
356716
355856
355864
355860
356363
355864
356013
356012
356363
356013
356027
356012
356025
356027
356036
356025
356628
356036
356805
356085
356376
356084
357100
357108
356084
356377
356378
356085
356825
357005
356085
356378
356374
356376
356377
365527
356116
356126
356115
365524
356115
356124
356116
365527
356126
356135
356124
356153
356135
356174
356153
356656
356174
357016
356374
365524
356376
357005
357100
356378
356812
357006
357108
356628
356812
356656
356851
356805
357005
357006
356812
356825
357005
357006
357108
356854
357016
356851
356856
356862
356855
356855
356860
356862
357149
356860
356898
356897
357149
356898
356922
356897
356919
356922
356947
356919
356952
356947
356971
356952
359762
356971
359236
365369
359235
359871
359872
359235
360778
359236
359872
359236
359867
359871
359761
360741
359760
359760
360739
359804
360741
359804
359819
359803
360739
359803
359817
359819
359833
359817
359832
359833
359834
359832
359841
359834
359840
359841
361055
359840
361054
359863
359866
359862
361054
359862
359865
359863
361055
359866
359867
359865
359872
359924
365369
360777
360778
359924
359994
360043
360777
359994
360042
360043
360126
360042
360809
360126
360808
360255
360269
360254
360808
360254
360371
360255
360809
360269
360385
360371
360384
360385
360403
360384
360405
360403
360407
360406
360420
360407
360432
360420
361149
360432
360658
360659
360657
360893
360657
361148
360658
361608
360659
360893
361609
361608
361645
361572
361573
361571
361573
361646
361571
361572
361647
361572
361645
361573
361649
361609
361646
361647
361655
361649
363819
361655
363820
363777
363819
363820
363823
363777
363816
363815
656651
363816
656650
365463
365465
365462
365468
365473
366845
367472
366844
367473
366844
367470
367473
366845
367472
367484
366861
366897
366860
367449
366860
367274
366861
367450
367451
366897
367275
367232
367234
367231
367444
367451
367231
367233
367232
367463
367232
367449
367450
367234
367275
367233
367274
367449
367451
367384
367423
372192
367383
367424
372183
367383
367424
372204
367383
371988
372205
367384
371989
372184
367384
367423
367423
372205
367426
367470
367484
367425
367425
367471
367472
367425
367473
367435
367436
367434
367616
367434
367608
367435
367438
367436
367756
367438
367605
367437
367616
367437
367443
367440
367739
367439
367756
367439
367602
367440
367608
367605
367444
367467
367462
367482
367461
371984
367461
367493
367462
367814
367463
367654
367466
367469
367510
367800
367465
367602
367465
367654
367465
367509
367800
367465
367510
367765
367466
367739
367467
367469
367470
367765
367471
367800
367482
367510
367519
367509
367673
367519
367677
367542
367673
367542
367559
367541
367677
367541
367558
367559
367724
367558
367809
367814
367808
367808
371984
369621
372122
369620
372066
369620
372135
369621
372067
370489
370491
370667
370488
370492
370803
370488
370517
370859
370488
370490
370489
370518
370650
370489
370490
370786
370491
370492
370507
370490
370506
370687
370492
370687
370788
370495
370512
370494
370650
370494
370511
370802
370495
370803
370505
370790
370504
370906
370504
370791
370505
370791
370907
370507
370508
370536
370506
370685
370687
370506
370683
370507
370508
370786
370508
370823
370512
370531
370802
370511
370529
370511
370512
370518
370863
370515
370665
370514
370859
370514
370517
370859
370860
370515
370665
370667
370518
370665
370666
370667
370517
370802
370803
370517
370531
370548
370529
370566
370536
370684
370548
370739
370554
370567
370553
370684
370553
370583
370554
370683
370566
370567
370848
370583
370585
370585
370588
370584
370848
370584
370587
370588
370706
370587
370598
370598
370614
370597
370706
370597
370615
370614
370623
370615
370622
370623
370762
370622
370845
370665
370685
370791
370905
370907
370762
371064
370786
370787
370904
370788
370789
370787
370904
370788
370789
370905
370790
370823
370906
370802
370823
370904
370907
370823
370905
370906
370845
371075
370941
370942
370940
371374
370940
371624
371633
370941
371571
370942
371571
371632
370942
371631
371958
371064
371434
371075
381693
371374
371624
371955
371434
371509
371517
371508
372166
371508
372563
371509
372145
372563
371517
372166
372561
371571
372031
371624
371631
371626
371634
371625
371629
371625
371635
371626
371627
371628
371628
371629
371635
371627
371629
372032
371627
371634
371645
371628
372031
371632
371633
371633
371637
371635
371648
371637
371638
371636
371958
371636
371639
371638
371824
371639
371820
371645
371653
371648
371652
371651
371654
371650
371812
371650
371652
371651
371829
371653
371654
371812
371817
371829
372034
371817
372035
371821
371824
371820
381771
371821
372031
381772
371955
372032
381771
371989
372192
371988
372183
372189
371989
372184
372722
372034
372061
372060
372859
372061
372860
372066
372860
372067
372859
372122
372724
372135
372141
372141
372145
372140
372724
372140
372166
372170
372563
372170
372172
372169
372561
372169
372656
372172
372722
372184
372189
372656
372183
372189
372722
372192
372204
381771
631233
631234
646461
646462
631232
631235
646459
631232
631235
646401
631232
646459
646463
631232
646401
646463
631233
631234
645889
645891
631233
646460
646461
631234
646462
631235
645890
646458
631235
645892
631439
631815
631438
631440
631439
631442
631440
631443
631442
631444
631443
631456
631444
631451
631451
631714
631450
631456
631450
631715
631709
631716
631708
631710
631708
631715
631709
631965
631710
631964
631714
631716
631860
631861
631859
631877
631859
631862
631860
631876
631861
631863
631864
631862
631862
631865
631864
631866
631865
631877
645780
631876
645773
631965
633445
633448
645221
647242
633444
633446
633444
633447
647183
633444
645222
647245
633444
647241
647244
633445
633447
645220
633446
633448
647191
633446
645222
647207
633447
647184
633448
647182
647184
640929
640931
640928
640930
640928
640930
645892
640929
640931
640933
640930
645940
640931
645891
640933
646090
644596
644665
644595
644597
644595
644663
644596
644599
644597
644601
644599
644602
647913
644601
644603
647927
644601
644625
647914
644602
644605
644602
644603
644606
644605
644608
644606
644610
644608
644611
644610
644613
644611
647752
644613
644618
644619
647752
644618
644620
644619
644621
644620
644623
644621
644624
644623
644625
644624
644626
647912
647913
644625
644627
645751
645752
644625
645751
647910
644626
644628
644626
645751
647921
644626
645752
647912
647921
647922
644627
644629
644628
644630
644629
644631
644630
644632
644631
644634
644632
644635
644634
644636
644635
644637
644636
644638
647692
644637
644640
644637
647700
644638
644641
644640
644644
644641
644645
644644
644646
644645
644648
644646
644654
644648
644655
644654
644659
644655
644661
644659
644663
644661
644665
645220
645221
651271
645220
647208
647460
645221
647244
645222
647462
645751
645752
647924
645751
647918
652276
647921
645780
645784
645773
645785
645782
645894
645781
645785
645781
645895
645782
645784
645889
645903
645889
646460
645890
645902
645894
645896
645895
645900
645896
645902
645900
645903
645940
646126
646090
646129
646126
646844
646129
646839
646844
646939
646458
646459
646461
646462
646839
646883
646939
647227
646883
647228
647020
647024
647019
647021
647019
647023
650315
647020
647022
650527
647021
647023
650526
647021
650537
647022
647024
650312
650526
647022
647023
650311
647023
650311
650315
647024
650312
650314
647183
647185
647241
647182
647184
647241
647182
647185
647242
647183
647185
647191
647207
647286
647207
647461
647462
647208
647287
647227
647464
647228
647461
647242
647245
647286
647308
647287
647310
647308
647319
647310
647320
647313
647321
647312
647314
647312
647320
647313
647576
647314
647319
647321
647460
647464
647460
651271
647692
647699
647700
652287
647699
647876
647916
647875
647877
649020
647875
647914
647876
647878
648201
647876
648201
648202
647877
647880
647877
647975
648202
649020
647878
647882
647880
647884
647882
647885
647884
647887
647885
647888
647887
647889
647888
647890
647889
647891
647890
647892
647891
647895
647892
647897
647895
647899
647897
647900
648186
647899
647901
647928
648185
647899
647975
648185
647900
647902
647900
647919
647974
647900
647974
648186
647901
647903
647902
647904
647903
647906
647904
647907
647906
647908
647907
647910
647908
647912
647913
647916
647919
647922
647918
647928
647922
652277
647928
647975
648185
647974
648186
648201
648190
648202
648189
648225
648189
648201
649020
648190
648222
648225
649070
648222
649061
649062
649070
649061
649065
649062
649087
649065
649123
649087
649124
649123
649133
649124
649143
649133
649142
649143
649146
649142
649147
649146
650482
649147
650474
650230
650312
650313
650526
650311
650314
650405
650313
650315
650313
650406
650405
650407
650406
650475
650482
650474
650584
650475
650740
650527
650539
650537
650571
650539
650581
650571
651312
650581
651311
650584
650741
650616
650626
650616
650637
650618
650628
650628
650631
650740
652276
652578
652580
652577
652628
652577
656758
652578
652627
652580
652584
652585
656758
652584
652586
652585
652587
652586
652593
652587
652594
652593
652596
652594
652597
652596
652599
652597
652600
652599
652601
652600
652605
652601
652606
652605
652607
652606
652609
652607
652610
652609
652611
652610
652612
652611
652613
652612
652614
652613
652616
652614
652617
652616
652618
652617
652620
652618
652621
652620
652623
652621
652624
656675
652623
652625
656674
652623
1056824
652624
652627
652624
652625
652628
656673
652627
652978
652979
652977
652977
652980
652979
652982
652980
652983
652982
653136
652983
653137
653136
653138
653137
653139
653138
653141
653139
653143
653141
653144
653143
653284
653144
653285
653284
653331
653285
653650
653331
653336
653649
653650
653336
653694
653649
654233
653694
654234
654233
654291
654234
654315
654291
654984
654315
654409
654397
654398
654396
654414
654396
654400
654397
654412
654398
654490
654400
654491
654410
654984
654409
654412
654410
654414
654480
654481
654479
654493
654479
654482
654480
654491
654481
654483
654482
654484
654483
654552
654484
654898
654490
654493
654552
654569
654571
654898
654569
654603
654571
654604
654603
654682
654604
655104
654682
654710
654710
654711
654709
655104
654709
654730
654711
654729
654730
654810
654729
654813
654769
654770
654768
654814
654768
654771
654769
654813
654770
654772
654771
654773
654772
654774
654773
654790
654774
654793
654790
654795
654793
654796
654795
654797
654796
654799
654797
654801
654799
654802
654801
654803
654802
654804
654803
655165
654804
655204
654810
654814
655165
655205
655204
655207
655205
655209
655207
655210
655209
655212
655210
655213
655212
655215
655213
655216
655215
655217
655216
655218
655217
655222
655218
655223
655222
655224
655223
655225
655224
655272
655225
655273
655272
655274
655273
655275
655274
655426
655275
655374
655382
655373
655396
655373
660382
655374
655395
655382
655386
655387
660382
655386
655389
655387
655390
655479
655389
655391
655394
655389
655602
655390
655392
655393
655390
655395
655391
655391
655394
655396
655479
655603
655596
655782
655595
655603
655595
655860
655596
655602
655782
655861
655860
655931
655861
655932
655931
655933
655932
676553
655933
656040
656033
656037
656032
656035
656032
656036
656033
656036
656326
656035
656037
656572
656035
656325
656571
656036
656571
656039
656040
656042
656038
656040
656038
656039
676553
656038
676547
656042
656049
656046
656120
656045
656053
656045
656121
656046
656052
656050
676547
656049
656051
656050
656052
656051
656053
656107
656122
656106
656108
656106
656121
656107
656109
656108
656111
656109
656112
656111
656114
656112
656115
656114
656125
656115
656123
656120
656122
656125
656341
656123
656342
656265
656266
656264
656268
656264
656267
656442
656495
656265
656267
656266
656268
656401
656402
656266
656401
656443
656266
656469
656267
656402
656403
656442
656267
656401
656407
656580
656326
656573
656574
656325
656571
656576
656325
656575
656326
656572
656573
656328
656329
656327
656345
656327
656330
656328
656344
656329
656331
656330
656332
656331
656333
656332
656560
656333
656562
656341
656344
656342
656345
656401
656404
656443
656402
656406
656581
656402
656403
656405
656403
656442
656404
656406
656405
656407
656407
656651
656495
660741
656469
656639
656560
656577
656574
656576
656578
656562
656578
656573
656575
656578
656575
656576
656577
660740
660741
656639
660739
656675
1056835
656763
656764
656762
656767
656836
656762
656765
656763
656766
656836
1057228
656763
656767
677493
656764
656766
656765
656767
1057229
656766
1057228
1057230
656767
1057229
656836
656840
656838
656839
656837
656840
656948
656837
656840
656838
656839
677493
656838
656952
656948
656949
656952
656997
656949
656998
656997
657033
656998
657034
657005
657014
657004
657006
657004
657012
657005
657007
657006
657009
657007
657010
657009
657011
657010
657012
657065
657011
657013
657014
657015
657011
657012
657012
657016
657061
657015
657015
657062
657023
657022
657024
657023
657033
657040
657034
657041
657040
657043
657041
657061
657089
657094
657088
657090
657088
657093
657089
657091
657090
657094
662889
657093
662888
658985
658987
662894
662986
658984
658986
658984
658986
662895
658984
662984
658984
662893
662895
658985
658987
658987
662894
658989
658992
658988
658990
658988
658991
658989
658991
661848
658990
658992
675608
658990
660739
658991
675609
659131
659134
659130
659132
659130
659133
663855
659131
659133
659132
659134
667814
659133
667815
659134
663856
667816
660740
661848
662889
662890
662888
662891
662890
663011
662891
662893
662894
663011
662986
662990
662984
663033
662990
663046
663033
663097
663046
663106
663097
663108
663099
663101
663098
663108
663098
663247
663099
663106
663101
663261
663247
663260
663154
663160
663502
663153
663155
663153
663159
663153
663520
663154
663156
678025
663155
663157
663158
663155
663158
663156
663156
663159
678025
663158
663160
663287
663159
663286
663288
663261
663291
663260
663292
663274
663293
663273
663275
663273
663292
663274
663276
663275
663278
663276
663279
663278
663280
663279
663281
663280
663572
663281
663285
663286
663572
663285
663287
663287
678022
663288
663291
663293
663502
663513
663520
663687
663513
663688
663667
663668
663666
663688
663666
663979
663667
663687
663668
663978
663855
663857
663855
663857
664226
667815
663856
667816
667817
663857
663867
664225
663868
667817
663867
663870
663868
663871
663870
663873
663871
663875
663873
663876
664243
663875
663877
664809
663875
664237
664247
663876
663878
664220
663876
664214
664257
663877
663879
664362
663877
664212
664219
664369
663878
663881
663878
663949
664363
663879
663882
663949
663881
663884
663881
663948
664362
663882
663950
663884
663948
664289
663949
663950
664290
663948
664289
664363
664372
663950
664290
664376
663979
663995
663978
663996
663990
663996
663989
664013
663989
663995
663990
664014
664013
664026
664014
664097
664026
664096
664046
664047
665221
664045
664048
664045
664048
665223
664045
665224
664046
664047
665222
664047
665222
664048
665223
664094
664095
664093
664103
664093
664096
664094
664117
664095
664097
664103
664115
664117
664146
664115
664144
664145
664146
664144
664172
664145
664178
664172
664176
664178
664184
664176
664183
664184
664213
664214
664220
664221
664212
664215
664603
664605
664212
664215
664809
664212
664216
664213
664214
664602
664213
664604
664213
664278
664604
664215
664257
664278
664217
664221
664216
664218
664217
664219
664568
664218
664220
664364
664568
664218
664219
664564
664219
664365
664220
664368
664370
664223
664226
667815
664222
664224
667871
664222
664225
667816
664222
667814
667816
664223
664225
667869
664223
664264
667869
667890
664224
664226
667817
667870
664224
667870
667871
664225
667869
664234
664235
667915
664233
664267
664272
664233
664236
667916
664233
664283
667916
664234
664266
664270
664234
664271
664275
664235
664237
664245
664235
667915
664236
664243
664236
664244
664283
664243
664246
664245
664246
664277
664282
664244
664247
664255
664244
664255
664285
664244
664281
664285
664245
664274
667915
664246
664256
664277
664256
664602
664809
664255
664257
664278
664256
664602
664605
664264
664265
667890
664263
667871
664263
664266
667889
664263
667871
667889
667891
664265
664267
667872
664265
667872
667890
664266
664270
667889
664267
664271
667872
664270
664272
664273
664271
664274
664284
664272
664274
664273
664275
664283
664273
664279
664277
664282
664280
664284
664279
664281
664280
664282
664289
664372
664377
664290
664362
664371
664290
664371
664376
664383
664363
664370
664372
664551
664364
664367
664365
664368
664367
664369
664369
664371
664551
664370
664371
664383
664372
664377
664551
664376
664381
664383
664377
664554
664381
664557
664554
664562
664557
664566
664562
664565
664565
664568
664590
664564
664566
664578
664564
664589
664598
664565
664589
664578
664590
664590
664600
664598
664603
664605
665221
665236
665224
665237
665236
665246
665237
665821
665246
665838
665821
665969
665838
665963
665969
665985
665963
666632
665985
666630
666632
666666
666630
666665
666666
666667
666665
666668
666667
666669
666668
666670
666669
666671
666670
670349
666671
670388
667890
670349
670386
670388
670409
670386
670446
670409
675608
675610
675609
675611
675610
675612
675611
675613
675612
675621
675613
678369
675621
675632
675629
675633
675628
675640
675628
675632
675629
675641
675633
678369
675640
675647
675641
675716
675647
675717
675716
675724
675717
675727
675727
894411
894411
895672
894410
895602
894410
895704
895672
895702
895704
895707
895702
895712
895707
895714
895712
895725
895714
895729
895725
895727
895729
895732
895727
895737
895732
895738
895737
895740
895738
1053244
1053245
1053243
1053249
1053243
1053246
1056834
1053244
1053248
1053245
1053247
1056829
1056830
1053245
1056829
1056857
1053246
1053248
1053246
1056830
1056834
1053246
1056829
1056832
1053247
1053249
1056824
1056832
1056830
1056835
1056834
1056858
1056838
1056839
1056837
1056858
1056837
1057121
1056838
1056857
1056839
1057218
1057121
1057230
1057218
1057229
187502
186492
186026
186076
186017
186024
186048
186828
186056
185998
186043
185999
186043
186838
186018
186026
186029
186039
186023
186049
186003
186004
186013
186036
186053
186001
186016
186000
186013
185996
186068
186002
186033
186002
186022
186006
186014
185997
186100
185997
186067
185998
185999
186054
186000
186008
186013
186001
186016
186037
186003
186030
186047
186004
186010
186030
186006
186007
186014
186005
186015
186005
186010
186005
186015
186025
186007
186022
186009
186011
186016
186008
186008
186012
186044
186058
186014
186027
186031
186017
186057
186020
186021
186044
186019
186021
186019
186020
186019
186056
186063
186022
186027
186033
186023
186049
186067
186024
186048
186025
186030
186032
186025
186038
186045
186027
186038
186046
186028
186028
186040
186050
186031
186032
186045
186031
186038
186101
186032
186051
186055
186033
186051
186060
186035
186040
186034
186040
186034
186035
186039
186037
186062
186036
186052
186066
186037
186052
186065
186039
186061
186074
186043
186065
186044
186058
186045
186112
186046
186047
186055
186046
186051
186077
186047
186077
186048
186068
186158
186050
186074
186050
186061
186053
186062
186064
186052
186065
186053
186054
186064
186055
186060
186056
186063
186057
186075
186062
186097
186066
186104
186067
186102
186076
186121
186075
186095
186098
186099
186101
186099
186152
186863
186096
186105
186153
186094
186111
186094
186103
186106
186095
186097
186103
186098
186104
186106
186098
186103
186200
186321
186154
186177
186138
186139
186137
186137
186140
186139
186147
186157
186178
186159
186151
186164
186153
186179
186181
186152
186180
186182
186152
186182
186240
186154
186169
186170
186157
186170
186157
186169
186159
186179
186179
186181
186197
186181
186182
186304
186199
186207
186198
186243
186239
186292
186860
186230
186273
186232
186273
186270
186276
186239
186243
186278
186249
186279
186250
186263
186268
186246
186250
186248
186398
186247
186247
186249
186252
186253
186265
186250
186251
186263
186250
186251
186283
186252
186253
186266
186251
186283
186305
186252
186265
186253
186266
186282
186254
186295
186282
186261
186276
186261
186270
186295
186301
186262
186312
186297
186299
186266
186267
186284
186268
186276
186282
186269
186283
186295
186273
186277
186277
186285
186274
186278
186343
186274
186286
186285
186302
186276
186300
186302
186277
186342
186430
186279
186299
186286
186300
186301
186284
186296
186312
186297
186326
186290
186296
186293
186293
186294
186311
186321
186301
186302
186323
186300
186303
186307
186310
186311
186309
186309
186312
186353
186354
186370
186331
186343
186343
186345
186344
186355
186346
186376
186397
186355
186397
186394
186355
186376
186403
186524
186374
186375
186402
186402
186394
186399
186491
186521
186522
186528
186518
186518
186520
186499
186529
186535
186522
186529
186520
186522
186521
186526
186504
186509
186515
186516
186509
186511
186519
186532
186514
186514
186517
186519
186518
186524
186527
186523
186525
186527
186523
186524
186676
186673
191978
186712
186712
186710
186711
186744
186712
186827
186836
187502
187562
187567
187565
187500
187501
187562
187561
187565
187590
187568
187591
187593
187874
187873
188379
188373
188689
188689
188690
188691
189408
189228
189438
191197
189408
189437
191197
189434
189408
189438
189438
189435
189499
189480
189624
189709
189709
189620
189635
189710
189708
189687
189707
189794
189708
189708
189811
189808
189799
189807
189862
189861
190298
190259
190661
190660
190663
190662
190706
190704
190705
190706
190806
190759
190759
190757
190756
190758
190760
190761
190772
190759
190777
190778
190794
190793
190859
190858
190861
191304
190860
190860
191305
191003
190986
191120
191118
191304
191559
191555
191869
191841
191915
191869
191913
191915
191900
191899
191976
191973
191977
192253
192100
192101
192118
192113
192117
192118
192312
192224
192224
192222
192223
192249
192254
192254
192255
192240
192239
192258
192258
192247
192259
192249
192248
192252
192252
192253
192313
192340
192339
192358
192344
192409
192409
192403
192402
192406
192410
193519
193518
193695
193696
211030
210973
215057
215056
215891
215894
215890
215890
215892
215893
215894
215909
215892
215892
260580
259607
259606
259741
259740
260353
260352
260520
260519
261133
260579
260767
260768
260770
260774
260615
260756
260769
260776
260708
260707
260704
260715
260706
260708
260724
260723
260798
260725
260797
260795
260798
260800
260799
260796
260797
260791
260794
260794
260796
260756
260758
260766
260768
260792
260792
260793
260793
260795
260805
260806
260807
260805
261146
261095
260952
260951
260971
260972
260973
261041
261044
260971
261043
261044
260971
261042
261043
261044
260971
260972
261041
260972
261041
260994
260993
260989
260993
260994
260995
261141
260993
261142
261142
261148
261143
261146
261041
261093
261092
261094
261162
261163
261093
261093
261162
261093
261163
261096
261097
261100
261095
261095
261099
261098
261138
261144
261135
261134
261136
261138
261139
261135
261135
261137
261140
261145
261141
261143
261144
261147
261148
261159
261158
261161
261160
261165
261164
261572
261573
261354
261357
261356
261356
261358
261571
261430
261423
261685
261809
261810
261478
261478
261519
261519
261651
261525
261520
261521
261521
261652
261651
261660
261524
261536
261534
261589
261612
261611
276859
261612
261630
261629
261649
261634
261652
261659
261660
261969
261862
261865
261970
261972
261972
264434
264433
264435
264434
264436
264435
264441
264440
264462
264463
264489
264488
265099
265100
265102
265103
265106
265106
265107
265148
265105
265106
265098
265098
265101
265101
265104
265105
265107
265170
265148
265171
265146
265150
273357
273322
276836
276835
354622
370666
345570
359834
370515
345468
347727
345129
345128
345130
345129
345131
345130
345465
345966
345466
345469
345476
345501
345475
345501
345476
345500
345482
345483
370566
345481
345483
345487
345481
345482
345486
345481
345482
345483
370587
345541
345814
345828
345688
345760
345784
345785
345759
345785
345759
345784
345786
345965
345785
345787
345786
345789
345790
349052
345788
349055
345788
345788
345789
345822
345870
345821
345813
345817
345816
345821
345871
345841
345870
345872
345871
345881
345880
345882
345881
345940
345941
345939
345939
345967
345968
345966
370685
347756
347350
347346
347772
347701
347705
347761
347700
347708
347723
347756
347727
347731
347778
347701
347763
347700
347702
347763
347700
347760
347701
347702
347765
347703
347724
347705
347706
347750
347707
347708
347706
347725
347707
347708
347720
347721
347720
347724
347714
347721
347722
347718
347720
347722
347723
347726
347757
347730
347732
347752
347730
347779
347865
347731
347731
347740
347740
347742
347741
347752
347741
347747
347746
347751
347755
347761
347775
347763
347766
347765
347773
347774
347778
347832
347778
347779
347833
347844
347785
347784
347832
347834
347832
347861
347833
347844
349016
372205
349031
349026
349022
349021
349024
349022
349027
349046
349047
349050
349049
349080
349081
349079
349091
349079
349787
349080
349081
349790
349131
349134
349787
349788
349790
349952
349950
351084
351085
355857
353961
353813
353962
353919
353920
353961
354364
354303
354363
354364
354365
354363
354586
354365
354584
354574
354624
354626
354622
355652
355675
355594
354898
354866
355375
355390
355375
355390
355401
355464
355393
355391
355380
355460
355381
355459
355732
355391
355378
355397
355403
355392
355394
355428
355373
355435
355428
355429
355372
355437
355372
355436
355373
355436
355438
355376
355389
355376
355389
355377
355379
355403
355377
355398
355400
355377
355378
355400
355378
355380
355379
355381
355459
355380
355460
355397
355399
355396
355426
355427
355397
355399
355403
355398
355400
355401
355442
355399
355402
355453
355399
355443
355444
355457
355401
355406
355404
355409
355408
355410
355409
355411
355508
355563
355410
355511
355410
355509
355410
355411
355414
355510
355511
355416
355417
355499
355415
355418
355415
355418
355415
355500
355416
355417
355419
355418
355420
355421
355489
355419
355419
355422
355419
355490
355421
355423
355490
355422
355422
355426
355489
355428
355490
355429
355427
355497
355503
355431
355469
355435
355437
355437
355439
355438
355442
355446
355442
355445
355457
355692
355442
355444
355456
355443
355445
355444
355446
355702
355444
355691
355696
355445
355696
355538
355457
355460
355498
355475
355479
355474
355591
355475
355589
355590
355591
355478
355481
355479
355741
355538
355499
355501
355500
355508
355510
355528
355509
355511
355509
355516
355533
355548
355549
355681
355624
355591
355651
355590
355652
355592
355593
355651
355653
355614
355612
355613
355611
355611
355614
355613
355617
355646
355742
355674
355653
355674
355672
355675
355683
360407
355681
360406
355686
355685
355687
355686
355692
355695
355696
355691
355691
355692
355702
355741
355856
356012
356013
356025
356012
356036
356025
356376
356376
356374
356377
356855
356856
356854
356854
357006
357005
360255
359236
359235
359761
359866
359761
359804
359760
359762
359803
359833
359840
359841
359867
360254
360385
360384
360406
360405
360407
360657
360657
360658
360659
371634
360778
360809
360777
360809
360777
360778
361055
361054
361149
361148
361571
361572
361647
361647
361645
361646
363815
363819
363820
363815
363816
363823
365751
365048
367443
367519
365048
365474
365473
365475
365474
365476
365475
365750
366844
366845
366861
366844
366860
366861
370615
370554
367232
367233
367231
367231
367234
367233
367275
367436
367274
367274
367466
367275
367465
367465
367451
367469
367471
367424
367384
367383
367437
367440
367470
367470
367424
367423
367425
367426
367424
367438
367439
367437
367439
367450
367451
367449
367482
367449
367493
367450
367462
367463
367461
367461
367465
367463
367466
367467
367510
367509
367558
367559
367765
367809
367724
367808
367739
367809
369621
369620
370494
370492
370495
370491
370489
370490
370508
370488
370490
370492
370489
370491
370489
370494
370505
370504
370515
370514
370517
370553
370585
370614
370684
370789
370739
370791
370803
370790
370802
370786
370787
370906
370860
370859
370862
370860
370863
370862
370905
370941
370942
370940
370940
372204
371509
371508
371631
371637
371632
371636
371651
372656
371637
371639
371636
371638
371638
371625
371626
371645
371627
371628
371624
371627
371625
371626
371628
371631
371633
371632
371634
371633
371635
371651
371648
371650
371652
371653
371651
371654
371651
371654
371652
371653
371821
371820
372035
372034
372060
372035
372061
372060
372170
372184
372169
372172
372183
372184
372563
381772
381693
655393
631439
631233
656332
631444
631232
631438
631440
631439
631443
631716
631715
631859
631860
631862
631861
631863
631862
631864
631863
631865
631864
670446
631865
631866
670446
631877
631876
652610
652618
652617
652620
652620
631965
652978
631964
652977
631964
652977
631965
652978
647700
633447
633446
633445
633444
664590
664603
664600
664604
647461
652979
647916
647907
647902
647921
647902
664095
640929
640928
655932
664377
663876
644603
644602
644608
644603
644637
644638
644640
644645
644611
644613
644623
644625
644638
644637
644646
644628
644654
644618
644631
644628
644632
644635
644629
644630
644631
644635
644595
644597
644596
644596
644601
644597
644610
644613
644610
644611
644620
644623
644625
644627
644620
644648
644618
644619
644621
644644
644619
644626
644644
644620
644623
644648
644621
644644
644624
644626
644627
644624
644625
644626
644637
644641
644631
644632
644636
644636
644634
644635
644638
644645
644665
644663
645221
645220
645222
645221
645781
656341
645892
645751
645752
645781
645780
645782
645785
645781
645891
645903
645902
646459
646458
646461
647021
646460
646462
646463
646460
646461
646461
647020
647019
647023
647024
647022
647022
647228
647227
647320
647242
647241
647310
647242
647287
647286
647313
647308
647312
647313
647314
647312
647320
647319
647321
647460
647692
647576
647699
647877
647875
647895
647876
647877
647890
647899
647875
647878
647887
647875
647897
647875
647884
647889
647876
647900
647877
647884
647888
647887
647890
647887
647890
647891
647889
647892
647891
647918
647892
647919
647895
647899
647901
647903
647901
647922
647904
647914
647906
647912
647910
647913
647912
647914
647913
647916
647918
647921
647927
647924
647928
647927
647974
647975
648186
648189
656326
649143
649087
649123
649133
649142
649123
650617
650618
650631
650312
650315
650313
650314
650313
650314
650312
650315
650402
650313
650407
650402
650475
650474
650526
650527
650616
650742
650741
650748
650742
656051
653138
653143
666667
666671
666668
666669
652277
652287
652625
652624
656575
652586
652586
652587
652585
652607
652612
652612
652614
652587
652616
652578
652578
652577
652580
652584
652585
652587
652606
652614
652599
652607
652609
652613
652600
652601
652594
652610
652593
652593
652611
652597
652596
652606
652599
652606
652614
652607
652613
652616
652618
652621
652623
652620
652980
653139
653136
653137
653139
653285
653284
655216
654234
654233
654397
654480
654397
654396
654398
654480
654397
654481
654483
654479
654482
654483
654484
654493
654482
654482
654770
654774
654710
654710
654709
654711
654771
654796
654801
654773
654801
654797
654799
654796
654804
654797
654802
654803
654799
654801
655204
655222
655205
655223
655391
655204
655222
655205
655223
655213
655212
655216
655215
655217
655273
655272
655274
655273
655275
655274
655390
655374
655373
655393
655394
655392
655426
655392
655395
655394
655396
655395
655603
655596
655602
655603
655861
656112
655860
655931
656051
656050
656052
656046
656108
656115
656037
656033
656032
656036
656035
656037
656036
656038
656045
656112
656123
656122
656266
656342
656331
656333
656268
656265
656267
656405
656325
656327
656330
656326
656328
656329
656326
656331
656327
656327
656330
656332
656401
656403
656402
656404
656402
656407
656406
656443
656442
656571
656578
656572
656573
656577
656571
656575
656576
656571
656576
656578
656572
656577
656573
656574
656581
656573
656577
656575
656580
656581
656651
656673
656650
656675
656650
656674
656651
656673
657009
656766
656766
656763
656764
656762
656765
657016
656838
656838
656836
656837
656840
656839
657007
657010
657011
657009
657012
657012
656997
657033
656998
657005
657004
657006
657005
657009
657013
657010
657012
657022
657011
657013
657014
657023
657012
657022
657013
657023
657015
657024
657016
657062
657041
657043
657061
657062
657065
657061
657091
657091
657093
657065
657090
657090
657089
657088
658985
658992
658991
658985
658987
658986
658987
658988
658990
658986
658984
658989
658988
658989
659131
659133
659134
659133
659132
659134
663688
664272
664282
664284
664244
664245
664243
664246
664279
664282
660740
660739
660741
660740
663098
663099
663867
663871
663856
663855
663868
663870
663868
663870
663867
663871
662891
662894
662890
662890
662895
662894
663274
663160
663157
663159
663155
663154
663158
663155
663157
663158
663160
663273
663275
663260
663261
663274
663280
663279
663287
663280
663285
663285
663286
663287
663293
663292
667916
663667
663666
663668
663667
663687
663876
663877
664376
663875
663878
663878
663882
663881
663884
663882
663950
663949
663979
663978
664014
664013
664046
664045
664214
664046
664212
664216
664212
664223
664371
664372
664370
664094
664097
664096
664255
664280
664146
664144
664144
664279
664145
664215
664220
664221
664178
664176
664184
664219
664218
664183
664183
664218
664235
664212
664214
664226
664222
664226
664213
664214
664216
664222
664212
664220
664225
664213
664220
664216
664225
664217
664219
664221
664222
664223
664233
664236
664234
664235
664233
664243
664246
664244
664245
664247
664246
664256
664264
664257
664266
664275
664257
664263
664267
664264
664266
664264
664266
664273
664263
664272
664274
664263
664265
664267
664274
664265
664277
664266
664273
664275
664281
664277
664271
664273
664271
664278
664283
664271
664283
664290
664278
664280
664282
664284
664289
664283
664290
664284
664289
664363
664362
664364
664363
664365
664364
664370
665223
664565
665222
664564
664566
664564
665223
664565
664589
664602
664603
664600
665222
665224
666668
666669
666670
666671
667916
667871
667872
667814
667817
667815
667815
667870
667870
667891
667915
675727
675608
675610
675612
675609
675610
675608
675611
675612
675610
675611
675641
675640
675717
678025
678022
895606
895606
895712
895607
895740
895738
895729
895725
1053248
1053243
1053243
1053244
1053245
1053247
1053248
1053246
1053246
1053249
1056839
1056830
1056829
1056832
1056830
1056837
1056835
1056838
1057228
1057228
1057229
1057230
